Fri Jul 18 00:00:38 2014: move(axis=STP25, targetPos=68.48
Fri Jul 18 00:01:44 2014: move(axis=SRV35, targetPos=41.91
Fri Jul 18 00:04:21 2014: move(axis=li, targetPos=3.3

Fri Jul 18 00:08:09 2014: scan(axis=Ef, start=8.6, step=0.025, end=6.4, time=300)
      8.60        986        248   921944.0      300.0     102894      0.000      0.000      29.47      58.95       2.00    -101.02      27.37      54.75       0.00       0.00

      8.57        991        252   927418.0      300.0     102895      0.000      0.000      29.47      58.95       2.00    -101.02      27.42      54.83       0.00       0.00

      8.55       1000        258   924336.0      300.0     102897      0.000      0.000      29.47      58.95       2.00    -101.02      27.46      54.92       0.00       0.00

      8.52        973        251   924685.0      300.0     102900      0.000      0.000      29.47      58.95       2.00    -101.02      27.50      55.01       0.00       0.00

      8.50          1          0     4123.0      1.391     102903      0.000      0.000      29.47      58.95       2.00    -101.02      27.55      55.10       0.00       0.00

      8.47        955        246   924003.0      300.0     102903      0.000      0.000      29.47      58.95       2.00    -101.02      27.59      55.18       0.00       0.00

      8.45       1001        260   924371.0      300.0     102905      0.000      0.000      29.47      58.95       2.00    -101.02      27.63      55.27       0.00       0.00

      8.43        952        267   921925.0      300.0     102906      0.000      0.000      29.47      58.95       2.00    -101.02      27.68      55.36       0.00       0.00

      8.40        962        273   922027.0      300.0     102907      0.000      0.000      29.47      58.95       2.00    -101.02      27.73      55.45       0.00       0.00

      8.38        940        260   926122.0      300.0     102908      0.000      0.000      29.47      58.95       2.00    -101.02      27.77      55.54       0.00       0.00

      8.35        953        261   923430.0      300.0     102910      0.000      0.000      29.47      58.95       2.00    -101.02      27.81      55.63       0.00       0.00

      8.33       1016        279   921077.0      300.0     102911      0.000      0.000      29.47      58.95       2.00    -101.02      27.86      55.72       0.00       0.00

      8.30        918        267   925951.0      300.0     102912      0.000      0.000      29.47      58.95       2.00    -101.02      27.91      55.81       0.00       0.00

      8.27       1016        272   923224.0      300.0     102913      0.000      0.000      29.47      58.95       2.00    -101.02      27.95      55.90       0.00       0.00

      8.25        948        247   923619.0      300.0     102915      0.000      0.000      29.47      58.95       2.00    -101.02      28.00      56.00       0.00       0.00

      8.22        932        247   926232.0      300.0     102916      0.000      0.000      29.47      58.95       2.00    -101.02      28.05      56.09       0.00       0.00

      8.20        968        256   921057.0      300.0     102918      0.000      0.000      29.47      58.95       2.00    -101.02      28.09      56.18       0.00       0.00

      8.18        962        307   923059.0      300.0     102919      0.000      0.000      29.47      58.95       2.00    -101.02      28.14      56.28       0.00       0.00

      8.15        902        276   924879.0      300.0     102921      0.000      0.000      29.47      58.95       2.00    -101.02      28.19      56.37       0.00       0.00

      8.12          1          0     1114.0      0.365     102947      0.000      0.000      29.47      58.95       2.00    -101.02      28.23      56.46       0.00       0.00

      8.10          0          0     1228.0      0.409     102973      0.000      0.000      29.47      58.95       2.00    -101.02      28.28      56.56       0.00       0.00

      8.07          4          1      883.0      0.306     102974      0.001      0.001      29.47      58.95       2.00    -101.02      28.33      56.65       0.00       0.00

      8.05          0          0   343840.0    111.917     102984      0.000      0.000      29.47      58.95       2.00    -101.02      28.38      56.75       0.00       0.00

      8.03          1          1        0.0        0.0     102986      0.000      0.000      29.47      58.95       2.00    -101.02      28.42      56.85       0.00       0.00

      8.00          0          0    84035.0     27.415     102996      0.000      0.000      29.47      58.95       2.00    -101.02      28.47      56.94       0.00       0.00

      7.98          4          1     3596.0      1.182     103045      0.000      0.000      29.47      58.95       2.00    -101.02      28.52      57.04       0.00       0.00

      7.95          0          0   294130.0     95.946     103063      0.000      0.000      29.47      58.95       2.00    -101.02      28.57      57.14       0.00       0.00

      7.93        969        275   914319.0      300.0     103084      0.000      0.000      29.47      58.95       2.00    -101.02      28.62      57.24       0.00       0.00

      7.90        995        297   914905.0    300.007     103085      0.000      0.000      29.47      58.95       2.00    -101.02      28.67      57.34       0.00       0.00

      7.87        983        305   914055.0      300.0     103087      0.000      0.000      29.47      58.95       2.00    -101.02      28.72      57.44       0.00       0.00

      7.85        985        304   913099.0      300.0     103088      0.000      0.000      29.47      58.95       2.00    -101.02      28.77      57.54       0.00       0.00

      7.83        978        287   914473.0      300.0     103089      0.000      0.000      29.47      58.95       2.00    -101.02      28.82      57.63       0.00       0.00

      7.80       1023        320   915358.0      300.0     103090      0.000      0.000      29.47      58.95       2.00    -101.02      28.87      57.74       0.00       0.00

      7.77        936        290   915575.0      300.0     103092      0.000      0.000      29.47      58.95       2.00    -101.02      28.92      57.84       0.00       0.00

      7.75        975        361   912767.0      300.0     103093      0.000      0.000      29.47      58.95       2.00    -101.02      28.97      57.94       0.00       0.00

      7.72       1130        391   913456.0      300.0     103095      0.000      0.000      29.47      58.95       2.00    -101.02      29.02      58.04       0.00       0.00

      7.70       1282        578   910013.0      300.0     103096      0.001      0.000      29.47      58.95       2.00    -101.02      29.07      58.15       0.00       0.00

      7.67       1939       1162   912057.0      300.0     103098      0.001      0.000      29.47      58.95       2.00    -101.02      29.12      58.25       0.00       0.00

      7.65       3491       2778   910850.0      300.0     103099      0.003      0.000      29.47      58.95       2.00    -101.02      29.18      58.35       0.00       0.00

      7.62       6795       6079   907839.0      300.0     103100      0.007      0.000      29.47      58.95       2.00    -101.02      29.23      58.46       0.00       0.00

      7.60      11183      10289   910995.0      300.0     103101      0.011      0.000      29.47      58.95       2.00    -101.02      29.28      58.56       0.00       0.00

      7.57      14104      13207   910497.0      300.0     103103      0.015      0.000      29.47      58.95       2.00    -101.02      29.34      58.67       0.00       0.00

      7.55      14080      13179   910717.0      300.0     103105      0.014      0.000      29.47      58.95       2.00    -101.02      29.39      58.78       0.00       0.00

      7.52      10507       9650   905508.0      300.0     103106      0.011      0.000      29.47      58.95       2.00    -101.02      29.44      58.88       0.00       0.00

      7.50       6370       5593   905637.0      300.0     103108      0.006      0.000      29.47      58.95       2.00    -101.02      29.49      58.99       0.00       0.00

      7.47       3527       2804   906704.0      300.0     103109      0.003      0.000      29.47      58.95       2.00    -101.02      29.55      59.10       0.00       0.00

      7.45       1888       1227   904910.0      300.0     103111      0.001      0.000      29.47      58.95       2.00    -101.02      29.60      59.21       0.00       0.00

      7.42       1329        640   905381.0      300.0     103112      0.001      0.000      29.47      58.95       2.00    -101.02      29.66      59.32       0.00       0.00

      7.40       1098        419   904910.0      300.0     103114      0.000      0.000      29.47      58.95       2.00    -101.02      29.71      59.43       0.00       0.00

      7.37        986        333   905433.0      300.0     103115      0.000      0.000      29.47      58.95       2.00    -101.02      29.77      59.54       0.00       0.00

      7.35        925        282   905459.0    300.001     103116      0.000      0.000      29.47      58.95       2.00    -101.02      29.82      59.65       0.00       0.00

      7.32        978        298   903742.0      300.0     103117      0.000      0.000      29.47      58.95       2.00    -101.02      29.88      59.76       0.00       0.00

      7.30        904        249   898807.0      300.0     103119      0.000      0.000      29.47      58.95       2.00    -101.02      29.94      59.88       0.00       0.00

      7.27        932        261   904204.0      300.0     103120      0.000      0.000      29.47      58.95       2.00    -101.02      29.99      59.99       0.00       0.00

      7.25        909        255   905885.0      300.0     103121      0.000      0.000      29.47      58.95       2.00    -101.02      30.05      60.10       0.00       0.00

      7.23        893        252   901545.0      300.0     103122      0.000      0.000      29.47      58.95       2.00    -101.02      30.11      60.22       0.00       0.00

      7.20        915        229   899970.0    300.006     103124      0.000      0.000      29.47      58.95       2.00    -101.02      30.16      60.33       0.00       0.00

      7.17        944        283   903008.0      300.0     103125      0.000      0.000      29.47      58.95       2.00    -101.02      30.23      60.45       0.00       0.00

      7.15        901        256   897097.0      300.0     103127      0.000      0.000      29.47      58.95       2.00    -101.02      30.28      60.56       0.00       0.00

      7.13        892        235   901989.0      300.0     103128      0.000      0.000      29.47      58.95       2.00    -101.02      30.34      60.68       0.00       0.00

      7.10        892        250   898499.0      300.0     103130      0.000      0.000      29.47      58.95       2.00    -101.02      30.40      60.80       0.00       0.00

      7.07        912        239   898920.0      300.0     103132      0.000      0.000      29.47      58.95       2.00    -101.02      30.46      60.92       0.00       0.00

      7.05        874        232   894592.0      300.0     103133      0.000      0.000      29.47      58.95       2.00    -101.02      30.52      61.04       0.00       0.00

      7.02        901        235   898982.0      300.0     103135      0.000      0.000      29.47      58.95       2.00    -101.02      30.58      61.16       0.00       0.00

      7.00        933        255   897815.0      300.0     103136      0.000      0.000      29.47      58.95       2.00    -101.02      30.64      61.28       0.00       0.00

      6.98        866        240   900456.0      300.0     103138      0.000      0.000      29.47      58.95       2.00    -101.02      30.70      61.40       0.00       0.00

      6.95        900        267   895820.0      300.0     103139      0.000      0.000      29.47      58.95       2.00    -101.02      30.76      61.52       0.00       0.00

      6.93        891        239   897333.0      300.0     103141      0.000      0.000      29.47      58.95       2.00    -101.02      30.82      61.65       0.00       0.00

      6.90        905        218   896957.0      300.0     103142      0.000      0.000      29.47      58.95       2.00    -101.02      30.88      61.77       0.00       0.00

      6.88        879        225   898968.0      300.0     103144      0.000      0.000      29.47      58.95       2.00    -101.02      30.95      61.90       0.00       0.00

      6.85        908        223   895696.0      300.0     103145      0.000      0.000      29.47      58.95       2.00    -101.02      31.01      62.02       0.00       0.00

      6.83        897        221   898502.0      300.0     103147      0.000      0.000      29.47      58.95       2.00    -101.02      31.07      62.15       0.00       0.00

      6.80        847        237   895891.0      300.0     103148      0.000      0.000      29.47      58.95       2.00    -101.02      31.14      62.27       0.00       0.00

      6.78        877        244   894038.0      300.0     103149      0.000      0.000      29.47      58.95       2.00    -101.02      31.20      62.40       0.00       0.00

      6.75        888        261   896229.0      300.0     103150      0.000      0.000      29.47      58.95       2.00    -101.02      31.27      62.53       0.00       0.00

      6.72        871        231   897470.0      300.0     103152      0.000      0.000      29.47      58.95       2.00    -101.02      31.33      62.66       0.00       0.00

      6.70        837        244   897874.0      300.0     103153      0.000      0.000      29.47      58.95       2.00    -101.02      31.39      62.79       0.00       0.00

      6.67        907        227   897145.0      300.0     103154      0.000      0.000      29.47      58.95       2.00    -101.02      31.46      62.92       0.00       0.00

      6.65        880        244   897460.0      300.0     103155      0.000      0.000      29.47      58.95       2.00    -101.02      31.52      63.05       0.00       0.00

      6.62          7          0     5269.0      1.807     103162      0.000      0.000      29.47      58.95       2.00    -101.02      31.59      63.18       0.00       0.00

      6.60          0          0    46401.0     15.466     103164      0.000      0.000      29.47      58.95       2.00    -101.02      31.66      63.32       0.00       0.00

      6.58          0          0     1281.0      0.426     103177      0.000      0.000      29.47      58.95       2.00    -101.02      31.73      63.45       0.00       0.00

      6.55          0          0    39999.0      13.36     103183      0.000      0.000      29.47      58.95       2.00    -101.02      31.79      63.59       0.00       0.00

      6.53          2          1     1063.0      0.378     103186      0.001      0.001      29.47      58.95       2.00    -101.02      31.86      63.72       0.00       0.00

      6.50          0          0        0.0      5.679     103221      0.000      0.000      29.47      58.95       2.00    -101.02      31.93      63.86       0.00       0.00

      6.48          3          1     1296.0      0.445     103237      0.001      0.001      29.47      58.95       2.00    -101.02      32.00      64.00       0.00       0.00


Fri Jul 18 10:45:41 2014: scan(axis=ath, start=31, step=0.1, end=35, time=1)
     31.00          0          0        0.0        1.0     103273      0.000      0.000

     31.10          1          0        0.0        1.0     103274      0.000      0.000

     31.20          0          0        0.0        1.0     103275      0.000      0.000

     31.30          1          0        0.0        1.0     103276      0.000      0.000

     31.40          0          0        0.0        1.0     103277      0.000      0.000

     31.50          0          0        0.0        1.0     103278      0.000      0.000

     31.60          0          0        0.0        1.0     103279      0.000      0.000

     31.70          0          0        0.0        1.0     103280      0.000      0.000

     31.80          0          0        0.0        1.0     103281      0.000      0.000

     31.90          0          0        1.0        1.0     103282      0.000      0.000

     32.00          0          0        0.0        1.0     103283      0.000      0.000

     32.10          0          0        0.0        1.0     103284      0.000      0.000

     32.20          0          0        0.0        1.0     103285      0.000      0.000

     32.30          0          0        0.0        1.0     103286      0.000      0.000

Fri Jul 18 11:05:36 2014: move(axis=STP25, targetPos=68.48
Fri Jul 18 11:17:25 2014: move(axis=STP5, targetPos=1
Fri Jul 18 11:18:48 2014: move(axis=STP5, targetPos=0.5
Fri Jul 18 11:19:11 2014: move(axis=STP5, targetPos=0.3
Fri Jul 18 11:26:27 2014: move(axis=STP5, targetPos=0.2
Fri Jul 18 11:26:31 2014: move(axis=STP5, targetPos=0.1
Fri Jul 18 11:38:44 2014: move(axis=STP1, targetPos=700
Fri Jul 18 11:39:38 2014: move(axis=STP1, targetPos=850
Fri Jul 18 11:40:37 2014: move(axis=STP1, targetPos=900
Fri Jul 18 11:41:23 2014: move(axis=STP1, targetPos=850
Fri Jul 18 12:10:36 2014: move(axis=STP1, targetPos=800
Fri Jul 18 12:10:49 2014: move(axis=STP5, targetPos=0.7
Fri Jul 18 12:12:17 2014: move(axis=STP25, targetPos=68.48

Fri Jul 18 12:16:13 2014: scan(axis=Ef, start=7, step=0.025, end=8, time=60)
      7.00          0          0   214697.0       60.0     103291      0.000      0.000      29.47      58.95       2.00    -101.02      30.64      61.28       0.00       0.00


Fri Jul 18 15:44:13 2014: scan(axis=Ef, start=7, step=0.025, end=8, time=30)

Fri Jul 18 15:45:54 2014: scan(axis=Ef, start=7, step=0.025, end=8, time=30)
      7.00         48         15   178685.0       30.0     103329      0.000      0.000      29.47      58.95       2.00    -101.02      30.64      61.28       0.00       0.00

      7.02         67         15   178107.0     30.008     103330      0.000      0.000      29.47      58.95       2.00    -101.02      30.58      61.16       0.00       0.00

      7.05         78         28   178391.0       30.0     103331      0.000      0.000      29.47      58.95       2.00    -101.02      30.52      61.04       0.00       0.00

      7.07         66         20   179410.0       30.0     103332      0.000      0.000      29.47      58.95       2.00    -101.02      30.46      60.92       0.00       0.00

      7.10         57         19   180514.0       30.0     103334      0.000      0.000      29.47      58.95       2.00    -101.02      30.40      60.80       0.00       0.00

      7.10         63         20   179124.0       30.0     103336      0.000      0.000      29.47      58.95       2.00    -101.02      30.40      60.68       0.00       0.00

      7.15         77         16   179171.0       30.0     103337      0.000      0.000      29.47      58.95       2.00    -101.02      30.28      60.56       0.00       0.00

      7.17         70         19   180392.0       30.0     103338      0.000      0.000      29.47      58.95       2.00    -101.02      30.23      60.45       0.00       0.00

      7.20         69         18   180893.0       30.0     103340      0.000      0.000      29.47      58.95       2.00    -101.02      30.16      60.33       0.00       0.00

      7.23         64         22   180427.0       30.0     103341      0.000      0.000      29.47      58.95       2.00    -101.02      30.11      60.22       0.00       0.00

      7.25         75         18   180660.0       30.0     103342      0.000      0.000      29.47      58.95       2.00    -101.02      30.05      60.10       0.00       0.00

      7.27         79         32   180944.0       30.0     103344      0.000      0.000      29.47      58.95       2.00    -101.02      29.99      59.99       0.00       0.00

      7.30         70         29   180984.0       30.0     103345      0.000      0.000      29.47      58.95       2.00    -101.02      29.94      59.88       0.00       0.00

      7.32         61         17   182102.0       30.0     103346      0.000      0.000      29.47      58.95       2.00    -101.02      29.88      59.76       0.00       0.00

      7.35         84         30   180537.0       30.0     103348      0.000      0.000      29.47      58.95       2.00    -101.02      29.82      59.65       0.00       0.00

      7.37         93         39   180429.0       30.0     103349      0.000      0.000      29.47      58.95       2.00    -101.02      29.77      59.54       0.00       0.00

      7.40         96         48   180559.0       30.0     103350      0.000      0.000      29.47      58.95       2.00    -101.02      29.71      59.43       0.00       0.00

      7.42        119         56   180220.0       30.0     103351      0.000      0.000      29.47      58.95       2.00    -101.02      29.66      59.32       0.00       0.00

      7.45        130         81   179030.0       30.0     103352      0.000      0.000      29.47      58.95       2.00    -101.02      29.60      59.21       0.00       0.00

      7.47        214        165   180780.0       30.0     103353      0.001      0.000      29.47      58.95       2.00    -101.02      29.55      59.10       0.00       0.00

      7.50        360        296   182365.0       30.0     103354      0.002      0.000      29.47      58.95       2.00    -101.02      29.49      58.99       0.00       0.00

      7.52        477        417   179356.0       30.0     103355      0.002      0.000      29.47      58.95       2.00    -101.02      29.44      58.88       0.00       0.00

      7.55        595        530   180876.0       30.0     103356      0.003      0.000      29.47      58.95       2.00    -101.02      29.39      58.78       0.00       0.00

      7.57        604        548   181399.0       30.0     103357      0.003      0.000      29.47      58.95       2.00    -101.02      29.34      58.67       0.00       0.00

      7.60        493        444   181341.0       30.0     103359      0.002      0.000      29.47      58.95       2.00    -101.02      29.28      58.56       0.00       0.00

      7.62        304        255   182502.0       30.0     103360      0.001      0.000      29.47      58.95       2.00    -101.02      29.23      58.46       0.00       0.00

      7.65        182        133   181439.0       30.0     103361      0.001      0.000      29.47      58.95       2.00    -101.02      29.18      58.35       0.00       0.00

      7.67        110         62   179579.0       30.0     103363      0.000      0.000      29.47      58.95       2.00    -101.02      29.12      58.25       0.00       0.00

      7.70         96         40   181012.0       30.0     103364      0.000      0.000      29.47      58.95       2.00    -101.02      29.07      58.15       0.00       0.00

      7.72         67         28   181095.0       30.0     103365      0.000      0.000      29.47      58.95       2.00    -101.02      29.02      58.04       0.00       0.00

      7.75         77         35   181238.0       30.0     103367      0.000      0.000      29.47      58.95       2.00    -101.02      28.97      57.94       0.00       0.00

      7.77         66         28   181094.0       30.0     103368      0.000      0.000      29.47      58.95       2.00    -101.02      28.92      57.84       0.00       0.00

      7.80         64         19   181382.0       30.0     103369      0.000      0.000      29.47      58.95       2.00    -101.02      28.87      57.74       0.00       0.00

      7.83         73         24   180294.0       30.0     103371      0.000      0.000      29.47      58.95       2.00    -101.02      28.82      57.63       0.00       0.00

Fri Jul 18 16:29:04 2014: move(axis=SRV35, targetPos=0
Fri Jul 18 16:34:08 2014: move(axis=li, targetPos=2
Fri Jul 18 16:41:37 2014: move(axis=STP25, targetPos=72.65
Fri Jul 18 16:42:49 2014: move(axis=li, targetPos=2
Fri Jul 18 16:46:18 2014: move(axis=SRV32, targetPos=35.3
Fri Jul 18 16:52:02 2014: move(axis=STP4, targetPos=18
Fri Jul 18 16:52:30 2014: move(axis=STP4, targetPos=17
Fri Jul 18 16:52:36 2014: move(axis=STP4, targetPos=17.1
Fri Jul 18 16:52:42 2014: move(axis=STP4, targetPos=17.5

Fri Jul 18 16:53:02 2014: scan(axis=monok, start=17.5, step=0.2, end=19, time=10)
     17.50         25          6    16272.0       10.0     103374      0.000      0.000

     17.70         21          6    17596.0       10.0     103375      0.000      0.000

Fri Jul 18 16:54:00 2014: move(axis=STP25, targetPos=90
Fri Jul 18 16:54:43 2014: move(axis=STP24, targetPos=-2
Fri Jul 18 16:54:50 2014: move(axis=STP24, targetPos=-12

Fri Jul 18 16:55:11 2014: scan(axis=monok, start=17.5, step=0.2, end=19, time=10)
     17.50        652        531    16454.0       10.0     103377      0.032      0.001

     17.70        639        533    17419.0       10.0     103378      0.031      0.001

     17.90        527        434    13679.0       10.0     103379      0.032      0.002

     18.10        283        225     7854.0       10.0     103380      0.029      0.002

     18.30        161        132     4052.0       10.0     103381      0.033      0.003

     18.50         67         44     2089.0       10.0     103382      0.021      0.003

     18.70         42         29     1215.0       10.0     103383      0.024      0.004


Fri Jul 18 16:57:51 2014: scan(axis=monok, start=18.7, step=0.2, end=17, time=10)
     18.70         46         35     1221.0     10.008     103385      0.029      0.005

     18.50         80         60     2112.0       10.0     103386      0.028      0.004

     18.30        152        122     3954.0       10.0     103387      0.031      0.003

     18.10        313        238     8054.0       10.0     103388      0.030      0.002

     17.90        492        385    13809.0       10.0     103389      0.028      0.001

     17.70        657        528    17733.0       10.0     103390      0.030      0.001

     17.50        651        532    16399.0       10.0     103391      0.032      0.001

Fri Jul 18 17:02:02 2014: move(axis=STP4, targetPos=17

Fri Jul 18 17:03:10 2014: scan(axis=monok, start=17, step=0.2, end=19, time=15)
     17.00        258        188     6894.0       15.0     103396      0.027      0.002

     17.20        498        390    13144.0       15.0     103397      0.030      0.002

     17.40        819        658    21345.0       15.0     103398      0.031      0.001

     17.60       1010        822    26526.0       15.0     103399      0.031      0.001

     17.80        869        694    23798.0       15.0     103400      0.029      0.001

     18.00        564        441    16005.0       15.0     103401      0.028      0.001

     18.20        331        262     8517.0       15.0     103402      0.031      0.002

     18.40        170        139     4113.0     15.009     103403      0.034      0.003

     18.60        104         79     2292.0       15.0     103404      0.034      0.004

     18.80         56         46     1458.0       15.0     103405      0.032      0.005

     19.00         49         36     1021.0       15.0     103406      0.035      0.006

Fri Jul 18 17:09:25 2014: move(axis=STP4, targetPos=17.62

Fri Jul 18 17:10:17 2014: scan(axis=mvfoc, start=400, step=50, end=1500, time=10)
    400.00       1071        874    13732.0       10.0     103408      0.064      0.002

    450.00       1082        881    14261.0       10.0     103409      0.062      0.002

    500.00       1097        888    14594.0       10.0     103410      0.061      0.002

    550.00       1069        881    14889.0       10.0     103411      0.059      0.002

    599.00       1000        805    15716.0       10.0     103412      0.051      0.002

    650.00        997        777    16185.0       10.0     103413      0.048      0.002

    700.00        891        718    16700.0       10.0     103414      0.043      0.002

    750.00        834        676    17366.0       10.0     103415      0.039      0.002

    800.00        718        557    17843.0       10.0     103416      0.031      0.001

    850.00        550        438    17868.0       10.0     103417      0.025      0.001

    900.00        465        368    18249.0       10.0     103418      0.020      0.001

    950.00        424        331    18553.0       10.0     103419      0.018      0.001

   1000.00        366        289    18844.0       10.0     103420      0.015      0.001

   1050.00        365        289    19087.0       10.0     103421      0.015      0.001


Fri Jul 18 17:15:25 2014: scan(axis=mvfoc, start=100, step=100, end=1500, time=10)
    101.00        982        799    12284.0       10.0     103423      0.065      0.002

    199.00        981        801    12598.0       10.0     103424      0.064      0.002

    300.00       1005        817    13055.0       10.0     103425      0.063      0.002

    400.00       1029        832    13576.0       10.0     103426      0.061      0.002

    500.00       1109        900    14540.0       10.0     103427      0.062      0.002

    600.00       1036        834    15632.0       10.0     103428      0.053      0.002

Fri Jul 18 17:18:00 2014: move(axis=STP1, targetPos=-100
Fri Jul 18 17:22:32 2014: move(axis=STP1, targetPos=0
Fri Jul 18 17:24:54 2014: move(axis=STP1, targetPos=500

Fri Jul 18 17:25:32 2014: scan(axis=mgL, start=-1, step=0.3, end=2, time=10)
     -1.00        203        151    16770.0       10.0     103435      0.009      0.001

     -0.70        270        210    17293.0       10.0     103436      0.012      0.001

     -0.40        491        382    17446.0       10.0     103437      0.022      0.001

     -0.10        657        530    16905.0       10.0     103438      0.031      0.001

      0.20        901        724    16538.0       10.0     103439      0.044      0.002

      0.50       1022        802    15222.0       10.0     103440      0.053      0.002

      0.80       1087        876    14275.0       10.0     103441      0.061      0.002

      1.10       1140        905    12787.0       10.0     103442      0.071      0.002

      1.40       1126        925    11325.0       10.0     103443      0.082      0.003

      1.70       1066        865     9708.0       10.0     103444      0.089      0.003

      2.00        862        714     7901.0       10.0     103445      0.090      0.004

Fri Jul 18 17:30:17 2014: move(axis=STP5, targetPos=2.6
Fri Jul 18 17:30:41 2014: move(axis=STP5, targetPos=2

Fri Jul 18 17:31:48 2014: scan(axis=mgL, start=-1.6, step=0.3, end=2, time=10)
     -1.60         84         53    14624.0       10.0     103447      0.004      0.000

     -1.30         96         65    15748.0       10.0     103448      0.004      0.001

     -1.00        142        113    16763.0       10.0     103449      0.007      0.001

     -0.70        241        194    17425.0       10.0     103450      0.011      0.001

     -0.40        443        324    17516.0       10.0     103451      0.018      0.001

     -0.10        608        467    17257.0       10.0     103452      0.027      0.001

      0.20        841        679    16634.0       10.0     103453      0.041      0.002

      0.50        934        756    15367.0       10.0     103454      0.049      0.002

      0.80       1071        853    14080.0       10.0     103455      0.061      0.002

      1.10       1058        859    12781.0       10.0     103456      0.067      0.002

      1.40       1044        864    11328.0       10.0     103457      0.076      0.003

      1.70       1025        864     9732.0       10.0     103458      0.089      0.003

      2.00        871        707     8002.0       10.0     103459      0.088      0.003

Fri Jul 18 17:39:17 2014: move(axis=STP5, targetPos=1.12
Fri Jul 18 17:39:45 2014: cscan(axis=monok, amplitude=0.8, step=0.1, time=10)
Fri Jul 18 17:40:06 2014: cscan(axis=monok, amplitude=0.6, step=0.1, time=10)

Fri Jul 18 17:40:44 2014: scan(axis=monok, start=17, step=0.1, end=18.5, time=10)
     17.00        279        209     3260.0       10.0     103461      0.064      0.005

     17.10        446        359     4549.0       10.0     103462      0.079      0.004

     17.20        539        434     6148.0       10.0     103463      0.071      0.004

     17.30        763        608     8209.0       10.0     103464      0.074      0.003

     17.40        869        701    10013.0       10.0     103465      0.070      0.003

     17.50       1056        850    11723.0       10.0     103466      0.073      0.003

     17.60       1043        865    12496.0       10.0     103467      0.069      0.002

     17.70        940        773    12336.0       10.0     103468      0.063      0.002

     17.80        840        682    11216.0       10.0     103469      0.061      0.002

     17.90        750        633     9099.0       10.0     103470      0.070      0.003

     18.00        474        389     6953.0       10.0     103471      0.056      0.003

     18.10        356        276     4753.0       10.0     103472      0.058      0.004

     18.20        256        209     3461.0     10.002     103473      0.060      0.004

     18.30        179        129     2519.0       10.0     103474      0.051      0.005

     18.40        121         88     1752.0       10.0     103475      0.050      0.005

     18.50         84         62     1325.0       10.0     103476      0.047      0.006

Fri Jul 18 17:47:09 2014: move(axis=STP4, targetPos=17.58
Fri Jul 18 18:04:16 2014: move(axis=SRV34, targetPos=-33.4

Fri Jul 18 18:07:19 2014: scan(axis=s2th, start=-30, step=0.3, end=-36, time=10)
    -30.00         22         17    12446.0       10.0     103478      0.001      0.000

    -30.30         28         20    12462.0       10.0     103479      0.002      0.000

    -30.60         27         17    12314.0       10.0     103480      0.001      0.000

    -30.90         27         22    12362.0     10.008     103481      0.002      0.000

    -31.20         21         17    12659.0       10.0     103482      0.001      0.000

    -31.50         31         19    12449.0     10.005     103483      0.002      0.000

    -31.80         28         17    12638.0       10.0     103484      0.001      0.000

    -32.10         32         23    12509.0       10.0     103485      0.002      0.000

    -32.40         43         31    12375.0       10.0     103486      0.003      0.000

    -32.70         51         34    12357.0       10.0     103487      0.003      0.000

    -33.00         60         50    12599.0       10.0     103488      0.004      0.001

    -33.30        100         89    12152.0       10.0     103489      0.007      0.001

    -33.60         75         69    12385.0       10.0     103490      0.006      0.001

    -33.90         64         53    12407.0       10.0     103491      0.004      0.001

    -34.20         54         47    12249.0       10.0     103492      0.004      0.001

    -34.50         27         21    12613.0       10.0     103493      0.002      0.000

    -34.80         23         17    12359.0       10.0     103494      0.001      0.000

    -35.10         19         12    12369.0       10.0     103495      0.001      0.000

    -35.40         27         19    12597.0       10.0     103496      0.002      0.000

    -35.70         25         14    12672.0       10.0     103497      0.001      0.000

    -36.00         23         13    12541.0       10.0     103498      0.001      0.000


Fri Jul 18 18:18:54 2014: scan(axis=s2th, start=-31.2, step=0.3, end=-35.4, time=20)
    -31.20         43         32    24996.0       20.0     103500      0.001      0.000

    -31.50         44         33    25154.0       20.0     103501      0.001      0.000

    -31.80         49         36    25005.0       20.0     103503      0.001      0.000

    -32.10         56         37    24633.0       20.0     103504      0.002      0.000

    -32.40         60         39    25031.0       20.0     103507      0.002      0.000

    -32.40         67         39    25078.0       20.0     103508      0.002      0.000

    -33.00        129         99    25019.0       20.0     103511      0.004      0.000

    -33.30        158        129    25217.0       20.0     103513      0.005      0.000

    -33.60        148        127    25144.0     20.002     103519      0.005      0.000

    -33.90        150        129    24982.0       20.0     103522      0.005      0.000

    -34.20        107         78    25015.0       20.0     103525      0.003      0.000

    -34.50         70         51    25347.0       20.0     103529      0.002      0.000

    -34.80         57         36    25009.0       20.0     103530      0.001      0.000

    -35.10         51         37    24966.0       20.0     103531      0.001      0.000

    -35.40         60         44    25080.0       20.0     103532      0.002      0.000

Fri Jul 18 18:33:59 2014: move(axis=SRV34, targetPos=-46

Fri Jul 18 18:36:11 2014: scan(axis=s2th, start=-43.5, step=0.3, end=-48.5, time=20)
    -43.50         42         29    25314.0       20.0     103538      0.001      0.000

    -43.80         45         29    24922.0       20.0     103539      0.001      0.000

    -44.10         36         22    25198.0       20.0     103541      0.001      0.000

    -44.40         52         35    24799.0       20.0     103542      0.001      0.000

    -44.70         52         27    25003.0       20.0     103543      0.001      0.000

    -45.00          0          0      442.0      0.383     103545      0.000      0.000

    -45.30         57         42    25136.0       20.0     103545      0.002      0.000

    -45.60         84         56    25180.0       20.0     103548      0.002      0.000

    -45.90         90         67    24885.0       20.0     103554      0.003      0.000

    -46.20        107         82    24679.0       20.0     103555      0.003      0.000

    -46.50        107         86    25596.0       20.0     103562      0.003      0.000

    -46.80        104         95    24908.0       20.0     103564      0.004      0.000

    -47.10         65         45    24588.0       20.0     103566      0.002      0.000

    -47.40         67         42    24848.0       20.0     103567      0.002      0.000

    -47.70         39         24    25089.0       20.0     103568      0.001      0.000

    -48.00         42         29    25120.0     20.007     103571      0.001      0.000

    -48.30         42         25    25376.0       20.0     103572      0.001      0.000


Fri Jul 18 19:01:00 2014: scan(axis=s2th, start=-52.5, step=0.3, end=-59.7, time=20)

Fri Jul 18 19:01:38 2014: scan(axis=s2th, start=-52.5, step=0.3, end=-59.7, time=20)
Fri Jul 18 19:03:02 2014: move(axis=SRV34, targetPos=-53

Fri Jul 18 19:04:16 2014: scan(axis=s2th, start=-52.5, step=0.3, end=-59.7, time=20)

Fri Jul 18 19:05:14 2014: scan(axis=s2th, start=-52.4, step=0.3, end=-59.7, time=30)
    -52.40         65         41    37792.0       30.0     103580      0.001      0.000

    -52.70         68         44    37688.0       30.0     103582      0.001      0.000

    -53.00         77         59    37338.0       30.0     103583      0.002      0.000

    -53.30         75         49    37819.0       30.0     103584      0.001      0.000

    -53.60          7          0     2260.0      1.811     103588      0.000      0.000

    -53.60         79         44    37389.0       30.0     103590      0.001      0.000

    -54.20        127         74    37739.0       30.0     103592      0.002      0.000

    -54.50        218        145    37952.0       30.0     103594      0.004      0.000

    -54.50        188        133    37699.0       30.0     103595      0.004      0.000

    -55.10        305        244    37675.0       30.0     103596      0.006      0.000

    -55.40        307        247    38042.0       30.0     103598      0.006      0.000

    -55.70        257        213    37590.0       30.0     103599      0.006      0.000

    -56.00        285        184    37679.0       30.0     103600      0.005      0.000

    -56.30        398        202    37917.0       30.0     103602      0.005      0.000

    -56.60        773        502    37760.0       30.0     103603      0.013      0.001

    -56.90       1294        988    38145.0       30.0     103604      0.026      0.001

    -57.20       1680       1419    37698.0       30.0     103606      0.038      0.001

    -57.50       1905       1698    37930.0       30.0     103608      0.045      0.001

    -57.80       1737       1561    38004.0       30.0     103609      0.041      0.001

    -58.10       1338       1232    37707.0       30.0     103610      0.033      0.001

    -58.40        972        882    37702.0       30.0     103611      0.023      0.001

    -58.70        502        451    37955.0       30.0     103617      0.012      0.001

    -59.00        271        219    38280.0       30.0     103620      0.006      0.000

    -59.30        137        104    37824.0       30.0     103621      0.003      0.000

    -59.60         82         50    37347.0       30.0     103622      0.001      0.000

Fri Jul 18 19:45:10 2014: move(axis=SRV34, targetPos=-77.3
Fri Jul 18 19:46:15 2014: cscan(axis=s2th, amplitude=2.7, step=0.3, time=30)
    -79.99        135         87    37644.0       30.0     103624      0.002      0.000

    -79.69        137         87    38303.0       30.0     103625      0.002      0.000

    -79.39        204        150    38176.0       30.0     103626      0.004      0.000

    -79.09        301        245    38312.0       30.0     103628      0.006      0.000

    -78.79        396        346    37522.0       30.0     103629      0.009      0.000

    -78.49        511        443    37562.0       30.0     103630      0.012      0.001

    -78.19        673        560    37474.0       30.0     103631      0.015      0.001

    -77.89        850        723    38148.0       30.0     103633      0.019      0.001

    -77.59        856        712    37861.0       30.0     103634      0.019      0.001

    -77.29        804        654    37764.0       30.0     103635      0.017      0.001

    -76.98        714        560    37750.0       30.0     103636      0.015      0.001

    -76.69        496        340    37538.0       30.0     103637      0.009      0.000

    -76.38        304        197    37882.0       30.0     103638      0.005      0.000

    -76.09        216        107    38158.0       30.0     103639      0.003      0.000

    -75.78        120         64    38099.0       30.0     103640      0.002      0.000

    -75.49         77         53    38239.0       30.0     103641      0.001      0.000

    -75.18         78         43    37969.0       30.0     103642      0.001      0.000

    -74.89         75         36    37455.0       30.0     103644      0.001      0.000

    -74.59         92         64    37243.0       30.0     103645      0.002      0.000

Fri Jul 18 20:18:05 2014: move(axis=STP24, targetPos=0
Fri Jul 18 20:18:34 2014: move(axis=SRV35, targetPos=35
Fri Jul 18 20:29:24 2014: move(axis=STP25, targetPos=72.56
Fri Jul 18 20:29:49 2014: move(axis=SRV35, targetPos=34.87
Fri Jul 18 20:31:02 2014: cscan(axis=ath, amplitude=1.4, step=0.2, time=15)
Fri Jul 18 20:31:44 2014: move(axis=STP25, targetPos=72.56
Fri Jul 18 20:33:09 2014: cscan(axis=ath, amplitude=1.4, step=0.2, time=15)
     71.16         17          3    18940.0       15.0     103651      0.000      0.000

     71.36         21          4    18368.0       15.0     103652      0.000      0.000

     71.56         15          4    18834.0       15.0     103653      0.000      0.000

     71.76         13          2    18832.0       15.0     103654      0.000      0.000

     71.96         13          7    18939.0       15.0     103655      0.000      0.000

     72.16         15          5    18943.0       15.0     103656      0.000      0.000

     72.36         20          8    18858.0       15.0     103657      0.000      0.000

     72.56         20          4    18958.0       15.0     103658      0.000      0.000

     72.76         18          7    18878.0       15.0     103659      0.000      0.000

     72.96         11          4    19023.0       15.0     103660      0.000      0.000

     73.16         18          7    18922.0       15.0     103661      0.000      0.000

     73.36         17          1    18742.0       15.0     103662      0.000      0.000

     73.56         12          2    19024.0       15.0     103663      0.000      0.000

     73.76         16          3    19036.0       15.0     103664      0.000      0.000

     73.96         25          7    18959.0       15.0     103665      0.000      0.000

Fri Jul 18 20:43:03 2014: move(axis=STP25, targetPos=72.56
Fri Jul 18 20:46:05 2014: move(axis=STP25, targetPos=72

Fri Jul 18 20:46:20 2014: scan(axis=ath, start=18, step=0.1, end=18.2, time=2)
     18.00          5          3      527.0        2.0     103667      0.006      0.003

     18.10          9          5      530.0        2.0     103668      0.009      0.004

     18.20         11          6      525.0        2.0     103669      0.011      0.005


Fri Jul 18 20:48:37 2014: scan(axis=ath, start=16.44, step=0.1, end=18.44, time=10)
     16.44         13          3    12615.0       10.0     103672      0.000      0.000

     16.54         22          4    12620.0       10.0     103674      0.000      0.000

     16.64         30          9    12617.0       10.0     103675      0.001      0.000

     16.74         18          6    12693.0       10.0     103680      0.000      0.000

     16.84         19         10    12609.0       10.0     103681      0.001      0.000

     16.94         35         21    12611.0       10.0     103682      0.002      0.000

     17.04         31         14    12623.0       10.0     103683      0.001      0.000

     17.14         46         28    12534.0       10.0     103686      0.002      0.000

     17.24         49         29    12593.0       10.0     103687      0.002      0.000

     17.34         49         40    12561.0       10.0     103688      0.003      0.001

     17.44         42         29    12673.0       10.0     103689      0.002      0.000

     17.54         49         36    12442.0       10.0     103690      0.003      0.000

     17.64         60         39    12365.0       10.0     103691      0.003      0.001

     17.74         58         48    12523.0       10.0     103692      0.004      0.001

     17.84         69         51    12636.0       10.0     103693      0.004      0.001

     17.94         77         64    12741.0     10.001     103694      0.005      0.001

     18.04         58         45    12558.0       10.0     103695      0.004      0.001

     18.14         68         58    12761.0       10.0     103696      0.005      0.001

     18.24         63         56    12766.0       10.0     103697      0.004      0.001

     18.34         45         32    12576.0     10.008     103698      0.003      0.000

     18.44         52         34    12685.0       10.0     103699      0.003      0.000

Fri Jul 18 20:57:58 2014: move(axis=STP25, targetPos=72

Fri Jul 18 20:58:45 2014: scan(axis=ath, start=16, step=0.3, end=20.2, time=40)
     16.00         94         13    50519.0     40.009     103701      0.000      0.000

     16.30         81         19    50865.0       40.0     103702      0.000      0.000

     16.60         99         34    50575.0       40.0     103703      0.001      0.000

     16.90        133         49    50524.0       40.0     103704      0.001      0.000

     17.20        173        110    50559.0       40.0     103705      0.002      0.000

     17.50        212        155    50631.0       40.0     103706      0.003      0.000

     17.80        250        185    50515.0       40.0     103707      0.004      0.000

     18.10        267        206    50753.0       40.0     103708      0.004      0.000

     18.40        222        166    50725.0       40.0     103709      0.003      0.000

     18.70        166        104    50558.0       40.0     103710      0.002      0.000

     19.00        114         50    50033.0       40.0     103711      0.001      0.000

     19.30         96         32    50479.0       40.0     103712      0.001      0.000

     19.60         94         19    50879.0       40.0     103713      0.000      0.000

     19.90         90         13    50444.0       40.0     103714      0.000      0.000

     20.20         89         19    50105.0       40.0     103715      0.000      0.000

Fri Jul 18 21:14:44 2014: move(axis=STP25, targetPos=72.05
Fri Jul 18 22:10:50 2014: cscan(axis=detang, amplitude=3, step=0.3, time=60)
     31.87        111         12    75511.0       60.0     103770      0.000      0.000

     32.17         89         13    76115.0       60.0     103772      0.000      0.000

     32.47         76         10    76541.0       60.0     103774      0.000      0.000

     32.77         70         11    75672.0       60.0     103776      0.000      0.000

     33.07         85         17    75748.0       60.0     103778      0.000      0.000

     33.37         71         21    76235.0       60.0     103780      0.000      0.000

     33.67         73         36    75788.0       60.0     103782      0.000      0.000

     33.97        115         72    76159.0       60.0     103784      0.001      0.000

     34.27        156        121    76010.0       60.0     103786      0.002      0.000

     34.57        181        150    75699.0       60.0     103788      0.002      0.000

     34.87        228        202    76119.0       60.0     103790      0.003      0.000

     35.17        244        199    76028.0       60.0     103792      0.003      0.000

     35.47        151        121    76535.0       60.0     103794      0.002      0.000

     35.77         99         67    76413.0       60.0     103796      0.001      0.000

     36.07         55         28    75802.0       60.0     103798      0.000      0.000

     36.37         43         14    75529.0       60.0     103800      0.000      0.000

     36.67         52         20    76392.0       60.0     103802      0.000      0.000

Fri Jul 18 22:41:19 2014: move(axis=SRV35, targetPos=34.87

Fri Jul 18 22:42:20 2014: scan(axis=ath, start=17, step=0.2, end=19, time=60)
     17.00         53         25    77114.0     60.006     103805      0.000      0.000

     17.20         73         47    75870.0     60.006     103806      0.001      0.000

     17.40        130        102    75562.0       60.0     103807      0.001      0.000

     17.60        179        152    75528.0       60.0     103808      0.002      0.000

     17.80        225        191    75609.0       60.0     103809      0.003      0.000

     18.00        259        217    76702.0       60.0     103810      0.003      0.000

     18.20        215        171    75533.0       60.0     103811      0.002      0.000

     18.40        169        134    75197.0       60.0     103812      0.002      0.000

     18.60        121         78    75689.0       60.0     103813      0.001      0.000

     18.80         95         55    76071.0       60.0     103814      0.001      0.000

     19.00         72         25    76110.0       60.0     103815      0.000      0.000

Fri Jul 18 23:00:36 2014: move(axis=STP25, targetPos=72.03
Fri Jul 18 23:13:08 2014: move(axis=SRV34, targetPos=-50.76
Fri Jul 18 23:14:53 2014: move(axis=STP13, targetPos=334
Fri Jul 18 23:19:10 2014: cscan(axis=om, amplitude=5, step=0.3, time=3)
    329.00         12          9     3823.0        3.0     103817      0.002      0.001

    329.30          8          8     3801.0        3.0     103818      0.002      0.001

    329.60          8          8     3849.0        3.0     103819      0.002      0.001

    329.90          9          7     3863.0        3.0     103820      0.002      0.001

    330.20          8          8     3852.0        3.0     103821      0.002      0.001

    330.50         10         10     3794.0        3.0     103822      0.003      0.001

    330.80         11         10     3761.0        3.0     103823      0.003      0.001

    331.10         18         17     3826.0        3.0     103824      0.004      0.001

    331.40         13         10     3754.0        3.0     103825      0.003      0.001

    331.70         11         10     3781.0        3.0     103826      0.003      0.001

    332.00         25         22     3865.0        3.0     103827      0.006      0.001

    332.30         16         14     3751.0        3.0     103828      0.004      0.001

    332.60         28         27     3839.0        3.0     103829      0.007      0.001

    332.90         33         32     3811.0        3.0     103830      0.008      0.001

    333.20         37         34     3645.0      3.007     103831      0.009      0.002

    333.50         43         40     3767.0        3.0     103832      0.011      0.002

    333.80         41         37     3876.0        3.0     103833      0.010      0.002

    334.10         60         60     3821.0        3.0     103834      0.016      0.002

    334.40        102         98     3840.0        3.0     103835      0.026      0.003

    334.70        129        120     3891.0        3.0     103836      0.031      0.003

    335.00        143        140     3904.0        3.0     103837      0.036      0.003

    335.30        184        180     3793.0        3.0     103838      0.047      0.004

    335.60        375        365     3750.0        3.0     103839      0.097      0.005

    335.90        952        916     3805.0        3.0     103840      0.241      0.009

    336.20       2596       2523     3721.0        3.0     103841      0.678      0.017

    336.50       5170       5038     3837.0        3.0     103842      1.313      0.028

    336.80       6512       6341     3832.0        3.0     103843      1.655      0.034

    337.10       1339       1293     3826.0        3.0     103844      0.338      0.011

    337.40        255        248     3830.0        3.0     103845      0.065      0.004

    337.70        114        110     3823.0        3.0     103846      0.029      0.003

    338.00         79         78     3867.0        3.0     103847      0.020      0.002

    338.30         71         69     3702.0        3.0     103848      0.019      0.002

    338.60         49         45     3863.0        3.0     103849      0.012      0.002

    338.90         51         49     3738.0        3.0     103850      0.013      0.002

Fri Jul 18 23:27:39 2014: move(axis=STP13, targetPos=336.65
Fri Jul 18 23:28:01 2014: move(axis=STP14, targetPos=5
Fri Jul 18 23:29:39 2014: move(axis=STP14, targetPos=0
Fri Jul 18 23:30:13 2014: cscan(axis=sgL, amplitude=4, step=0.3, time=3)
     -4.00       5234       5109     3860.0        3.0     103852      1.324      0.028

     -3.70       7530       7325     3752.0        3.0     103853      1.952      0.039

     -3.40       8635       8421     3723.0        3.0     103854      2.262      0.045

     -3.10       8915       8652     3735.0        3.0     103855      2.316      0.045

     -2.80       8890       8625     3705.0        3.0     103856      2.328      0.046

     -2.50       8443       8215     3772.0        3.0     103857      2.178      0.043

     -2.20       7720       7502     3748.0        3.0     103858      2.002      0.040

     -1.90       6659       6492     3798.0        3.0     103859      1.709      0.035

     -1.60       6137       5968     3733.0        3.0     103860      1.599      0.033

     -1.30       5936       5766     3768.0        3.0     103861      1.530      0.032

     -1.00       5789       5587     3728.0        3.0     103862      1.499      0.032

     -0.70       5942       5756     3698.0        3.0     103863      1.557      0.033

     -0.40       5961       5809     3900.0        3.0     103864      1.489      0.031

     -0.10       6082       5933     3795.0        3.0     103865      1.563      0.032

      0.20       6354       6190     3827.0        3.0     103866      1.617      0.033

      0.50       6289       6139     3794.0        3.0     103867      1.618      0.033

      0.80       6840       6622     3805.0        3.0     103868      1.740      0.035

      1.10       7247       7034     3732.0        3.0     103869      1.885      0.038

      1.40       7625       7390     3810.0        3.0     103870      1.940      0.039

      1.70       7518       7274     3788.0        3.0     103871      1.920      0.038

      2.00       7381       7136     3803.0        3.0     103872      1.876      0.038

      2.30       7248       6979     3877.0        3.0     103873      1.800      0.036

      2.60       6303       6043     3789.0        3.0     103874      1.595      0.033

      2.90       4564       4356     3787.0        3.0     103875      1.150      0.026

      3.20       2809       2661     3866.0        3.0     103876      0.688      0.017

      3.50       1240       1154     3762.0        3.0     103877      0.307      0.010

      3.80        523        490     3857.0        3.0     103878      0.127      0.006

Fri Jul 18 23:37:17 2014: move(axis=STP14, targetPos=-3
Fri Jul 18 23:38:28 2014: cscan(axis=om, amplitude=2.1, step=0.3, time=3)
    334.55         87         83     3741.0        3.0     103880      0.022      0.002

    334.85        132        128     3785.0        3.0     103881      0.034      0.003

    335.15        179        174     3794.0        3.0     103882      0.046      0.004

    335.45        279        268     3719.0        3.0     103883      0.072      0.005

    335.75        652        635     3857.0        3.0     103884      0.165      0.007

    336.05       1940       1880     3884.0        3.0     103885      0.484      0.014

    336.35       5137       5002     3896.0        3.0     103886      1.284      0.027

    336.65       8768       8521     3840.0        3.0     103887      2.219      0.043

    336.95       4925       4802     3738.0        3.0     103888      1.285      0.028

    337.25        619        592     3789.0        3.0     103889      0.156      0.007

    337.55        233        224     3820.0        3.0     103890      0.059      0.004

    337.85        176        171     3774.0        3.0     103891      0.045      0.004

    338.15        150        145     3895.0        3.0     103892      0.037      0.003

    338.45        104         98     3800.0        3.0     103893      0.026      0.003

    338.75         89         86     3810.0        3.0     103894      0.023      0.002

Fri Jul 18 23:43:40 2014: cscan(axis=sgU, amplitude=5, step=0.5, time=3)
     -5.00         91         86     3781.0        3.0     103896      0.023      0.002

     -4.50         65         64     3903.0        3.0     103897      0.016      0.002

     -4.00         77         75     3844.0        3.0     103898      0.020      0.002

     -3.50         65         60     3793.0        3.0     103899      0.016      0.002

     -3.00         84         77     3787.0        3.0     103900      0.020      0.002

     -2.50         87         83     3817.0        3.0     103901      0.022      0.002

     -2.00        100         96     3709.0        3.0     103902      0.026      0.003

     -1.50         71         68     3799.0        3.0     103903      0.018      0.002

     -1.00         71         64     3884.0        3.0     103904      0.016      0.002

     -0.50         69         68     3877.0        3.0     103905      0.018      0.002

      0.00         88         83     3850.0        3.0     103906      0.022      0.002

Fri Jul 18 23:47:21 2014: move(axis=STP13, targetPos=336.63

Fri Jul 18 23:47:44 2014: scan(axis=sgU, start=-4, step=0.4, end=4, time=3)
     -4.00       8736       8513     3773.0        3.0     103908      2.256      0.044

     -3.60       8780       8543     3782.0        3.0     103909      2.259      0.044

     -3.20       8985       8747     3839.0        3.0     103910      2.278      0.044

     -2.80       8885       8641     3810.0        3.0     103911      2.268      0.044

     -2.40       8679       8470     3839.0        3.0     103912      2.206      0.043

     -2.00       9058       8820     3806.0        3.0     103913      2.317      0.045

     -1.60       8740       8507     3716.0        3.0     103914      2.289      0.045

     -1.20       8601       8389     3845.0        3.0     103915      2.182      0.042

     -0.80       8911       8655     3842.0        3.0     103916      2.253      0.044

     -0.40       8640       8420     3811.0        3.0     103917      2.209      0.043

     -0.00       8819       8574     3690.0        3.0     103918      2.324      0.046

Fri Jul 18 23:51:18 2014: move(axis=STP15, targetPos=0

Fri Jul 18 23:51:50 2014: scan(axis=sgL, start=-5.2, step=0.4, end=3, time=3)
     -5.20        449        436     3913.0        3.0     103920      0.111      0.006

     -4.80       1106       1077     3821.0        3.0     103921      0.282      0.010

     -4.40       2493       2426     3807.0        3.0     103922      0.637      0.017

     -4.00       5342       5209     3992.0        3.0     103923      1.305      0.027

     -3.60       7818       7623     3792.0        3.0     103924      2.010      0.040

     -3.20       8800       8576     3842.0        3.0     103925      2.232      0.043

     -2.80       8570       8326     3765.0        3.0     103926      2.211      0.043

     -2.40       7918       7691     3752.0        3.0     103927      2.050      0.041

     -2.00       6967       6805     3926.0        3.0     103928      1.733      0.035

     -1.60       6126       5960     3839.0        3.0     103929      1.552      0.032

     -1.20       6042       5872     3781.0        3.0     103930      1.553      0.032

     -0.80       5822       5645     3848.0        3.0     103931      1.467      0.031

     -0.40       6100       5964     3796.0        3.0     103932      1.571      0.033

      0.00       6173       6006     3859.0        3.0     103933      1.556      0.032

      0.40       6384       6205     3837.0        3.0     103934      1.617      0.033


Fri Jul 18 23:57:25 2014: scan(axis=sgL, start=-2, step=0.2, end=1, time=3)
     -2.00       6934       1235     3766.0        3.0     103936      0.328      0.011

     -1.80       6405       1702     3876.0        3.0     103937      0.439      0.013

     -1.60       6105       2400     3715.0        3.0     103938      0.646      0.017

     -1.40       6108       3331     3793.0        3.0     103939      0.878      0.021

     -1.20       5871       3969     3727.0        3.0     103940      1.065      0.024

     -1.00       5751       4385     3705.0        3.0     103941      1.184      0.026

     -0.80       5833       4628     3683.0        3.0     103942      1.257      0.028

     -0.60       5863       4555     3682.0        3.0     103943      1.237      0.027

     -0.40       5717       4081     3801.0        3.0     103944      1.074      0.024

