    -18.80       2465       2465   791102.0       50.0     101117      0.003      0.000

    -19.00       2612       2612   792118.0       50.0     101119      0.003      0.000

    -19.20       2601       2601   794143.0     50.007     101120      0.003      0.000

    -19.40         21         21     6893.0      0.445     101131      0.003      0.001

    -19.60         16         16     7664.0       0.49     101132      0.002      0.001

    -19.80       2557       2557   791247.0       50.0     101133      0.003      0.000

    -20.00       2493       2493   791280.0       50.0     101134      0.003      0.000

    -20.20       2535       2534   791464.0       50.0     101135      0.003      0.000

    -20.40       2441       2441   789556.0       50.0     101138      0.003      0.000

    -20.60       2366       2366   797493.0       50.0     101142      0.003      0.000

    -20.80       2478       2478   789014.0       50.0     101147      0.003      0.000

    -21.00       2418       2418   793377.0       50.0     101148      0.003      0.000

    -21.20       2461       2461   790473.0       50.0     101149      0.003      0.000

    -21.40       2382       2382   789619.0       50.0     101150      0.003      0.000

    -21.60       2359       2358   793655.0       50.0     101151      0.003      0.000

    -21.80       2335       2335   791580.0       50.0     101152      0.003      0.000

    -22.00       2231       2231   786942.0       50.0     101153      0.003      0.000

    -22.20       2342       2342   788540.0       50.0     101154      0.003      0.000

    -22.40       2341       2341   791200.0       50.0     101155      0.003      0.000

    -22.60       2302       2302   788213.0       50.0     101157      0.003      0.000

    -22.80       2282       2282   788174.0       50.0     101158      0.003      0.000

    -23.00       2261       2261   788473.0       50.0     101159      0.003      0.000

    -23.20       2201       2201   786870.0       50.0     101160      0.003      0.000

    -23.40       2262       2262   786879.0     50.006     101161      0.003      0.000

    -23.60       2207       2207   788610.0       50.0     101162      0.003      0.000

    -23.80       2283       2283   789703.0       50.0     101163      0.003      0.000

    -24.00       2144       2144   789575.0       50.0     101164      0.003      0.000

    -24.20       2153       2153   786741.0       50.0     101165      0.003      0.000

    -24.40       2172       2172   786263.0       50.0     101166      0.003      0.000

    -24.60       2196       2196   788884.0       50.0     101167      0.003      0.000

    -24.80       2164       2164   788174.0       50.0     101168      0.003      0.000

    -25.00       2112       2112   785598.0       50.0     101169      0.003      0.000

    -25.20       2173       2173   787512.0       50.0     101170      0.003      0.000

    -25.40       2168       2168   788918.0       50.0     101171      0.003      0.000

    -25.60       2163       2163   786724.0       50.0     101172      0.003      0.000

    -25.80       2195       2195   787550.0       50.0     101174      0.003      0.000

    -26.00       2188       2188   784718.0       50.0     101175      0.003      0.000

    -26.20       2150       2150   788590.0       50.0     101176      0.003      0.000

    -26.40       2130       2130   790668.0       50.0     101177      0.003      0.000

    -26.60       2170       2170   786010.0       50.0     101178      0.003      0.000

    -26.80       2175       2175   788107.0       50.0     101179      0.003      0.000

    -27.00       2121       2121   788150.0       50.0     101180      0.003      0.000

    -27.20       2192       2192   785847.0       50.0     101181      0.003      0.000

    -27.40       2101       2101   788388.0       50.0     101182      0.003      0.000

    -27.60       2212       2212   789237.0       50.0     101183      0.003      0.000

    -27.80       2103       2103   786802.0     50.004     101184      0.003      0.000

    -28.00       2047       2047   788450.0       50.0     101185      0.003      0.000

    -28.20       2044       2044   791998.0       50.0     101186      0.003      0.000

    -28.40       2062       2062   791786.0       50.0     101187      0.003      0.000

    -28.60       2173       2173   790592.0       50.0     101188      0.003      0.000

    -28.80       2065       2065   787326.0       50.0     101190      0.003      0.000

    -29.00       2026       2026   785142.0       50.0     101191      0.003      0.000

    -29.20       2068       2068   788880.0       50.0     101192      0.003      0.000

    -29.40       2111       2111   788530.0       50.0     101193      0.003      0.000

    -29.60       2057       2057   786036.0       50.0     101194      0.003      0.000

    -29.80       2171       2171   785357.0       50.0     101195      0.003      0.000

    -30.00       2239       2239   789536.0       50.0     101196      0.003      0.000

    -30.20       2333       2333   788831.0       50.0     101197      0.003      0.000

    -30.40       2417       2417   788205.0       50.0     101198      0.003      0.000

    -30.60       2491       2491   787365.0       50.0     101199      0.003      0.000

    -30.80       2570       2570   785804.0       50.0     101200      0.003      0.000

    -31.00       2562       2562   785701.0       50.0     101201      0.003      0.000

    -31.20       2592       2592   787638.0       50.0     101202      0.003      0.000

    -31.40       2442       2442   786520.0       50.0     101203      0.003      0.000

    -31.60       2351       2351   784044.0       50.0     101204      0.003      0.000

    -31.80       2256       2256   784392.0       50.0     101205      0.003      0.000

    -32.00       2058       2058   786417.0       50.0     101207      0.003      0.000

    -32.20       2065       2065   788807.0       50.0     101208      0.003      0.000

    -32.40       1871       1871   788362.0       50.0     101209      0.002      0.000

    -32.60       1925       1925   788286.0       50.0     101210      0.002      0.000

    -32.80       1945       1945   787842.0       50.0     101211      0.002      0.000

    -33.00       1888       1888   788865.0       50.0     101212      0.002      0.000

    -33.20       1937       1937   787151.0       50.0     101213      0.002      0.000

    -33.40       1850       1850   784789.0       50.0     101214      0.002      0.000

    -33.60       1771       1771   787768.0       50.0     101215      0.002      0.000

    -33.80       1811       1811   786051.0       50.0     101216      0.002      0.000

    -34.00       1830       1830   784130.0       50.0     101217      0.002      0.000

    -34.20       1900       1900   785533.0       50.0     101218      0.002      0.000

    -34.40       1813       1813   785119.0       50.0     101219      0.002      0.000

    -34.60       1881       1881   785562.0       50.0     101220      0.002      0.000

    -34.80       1741       1741   783485.0       50.0     101221      0.002      0.000

    -35.00       1843       1843   785724.0       50.0     101222      0.002      0.000

    -35.20       1897       1897   784404.0       50.0     101225      0.002      0.000

    -35.40       1816       1816   784214.0       50.0     101226      0.002      0.000

    -35.60       1935       1935   784377.0       50.0     101227      0.002      0.000

    -35.80       1889       1889   784547.0       50.0     101228      0.002      0.000

    -36.00       2014       2014   785352.0       50.0     101229      0.003      0.000

    -36.20       2001       2001   790382.0       50.0     101230      0.003      0.000

    -36.40       2078       2078   791975.0       50.0     101231      0.003      0.000

    -36.60       2014       2014   782830.0       50.0     101232      0.003      0.000

    -36.80       1987       1987   790661.0     50.006     101233      0.003      0.000

    -37.00       1925       1925   786881.0     50.005     101234      0.002      0.000

    -37.20       1865       1865   786354.0       50.0     101235      0.002      0.000

    -37.40       1768       1768   783951.0       50.0     101236      0.002      0.000

    -37.60       1783       1783   785317.0       50.0     101237      0.002      0.000

    -37.80       1704       1704   782922.0       50.0     101238      0.002      0.000

    -38.00       1809       1809   783765.0       50.0     101239      0.002      0.000

    -38.20       1741       1741   785892.0       50.0     101241      0.002      0.000

    -38.40       1717       1717   783763.0       50.0     101242      0.002      0.000

    -38.60       1744       1744   782452.0       50.0     101243      0.002      0.000

    -38.80       1681       1681   787336.0     50.006     101244      0.002      0.000

    -39.00       1748       1748   788841.0       50.0     101245      0.002      0.000

    -39.20       1665       1665   785454.0       50.0     101246      0.002      0.000

    -39.40       1688       1688   782594.0       50.0     101247      0.002      0.000

    -39.60       1680       1680   782544.0       50.0     101248      0.002      0.000

    -39.80       1638       1638   783636.0       50.0     101249      0.002      0.000

    -40.00       1593       1593   782731.0     50.007     101251      0.002      0.000

    -40.20       1724       1724   787195.0       50.0     101252      0.002      0.000

    -40.40       1704       1704   789484.0       50.0     101253      0.002      0.000

    -40.60       1622       1622   781043.0       50.0     101254      0.002      0.000

    -40.80       1581       1581   786084.0       50.0     101255      0.002      0.000

    -41.00       1655       1655   784923.0       50.0     101256      0.002      0.000

    -41.20       1619       1619   781735.0       50.0     101257      0.002      0.000

    -41.40       1758       1758   788003.0       50.0     101258      0.002      0.000

    -41.60       1674       1674   782555.0       50.0     101259      0.002      0.000

    -41.80       1691       1691   783820.0       50.0     101260      0.002      0.000

    -42.00       1664       1664   783312.0       50.0     101261      0.002      0.000

    -42.20       1621       1621   785347.0       50.0     101262      0.002      0.000

    -42.40       1573       1573   783144.0       50.0     101263      0.002      0.000

    -42.60       1640       1640   781729.0       50.0     101264      0.002      0.000

    -42.80       1642       1642   782488.0       50.0     101265      0.002      0.000

    -43.00       1664       1664   783553.0     50.007     101267      0.002      0.000

    -43.20       2088       2088   781579.0       50.0     101268      0.003      0.000

    -43.40       2831       2831   783071.0       50.0     101269      0.004      0.000

    -43.60       3768       3768   782235.0       50.0     101270      0.005      0.000

    -43.80       4766       4766   781669.0       50.0     101271      0.006      0.000

    -44.00       5675       5675   784548.0       50.0     101272      0.007      0.000

    -44.20       6191       6191   781878.0       50.0     101273      0.008      0.000

    -44.40       6259       6259   782450.0       50.0     101274      0.008      0.000

    -44.60       5745       5745   781453.0       50.0     101275      0.007      0.000

    -44.80       4911       4911   785517.0       50.0     101276      0.006      0.000

    -45.00       3783       3783   786144.0       50.0     101277      0.005      0.000

    -45.20       2904       2904   786064.0       50.0     101278      0.004      0.000

    -45.40       2240       2240   783120.0       50.0     101279      0.003      0.000

    -45.60       1911       1911   782389.0       50.0     101280      0.002      0.000

    -45.80       1639       1639   784857.0       50.0     101281      0.002      0.000

    -46.00       1528       1528   785221.0       50.0     101282      0.002      0.000

    -46.20       1542       1542   785022.0       50.0     101284      0.002      0.000

    -46.40       1469       1469   781403.0       50.0     101285      0.002      0.000

    -46.60       1565       1565   780790.0       50.0     101286      0.002      0.000

    -46.80       1522       1522   779990.0       50.0     101287      0.002      0.000

    -47.00       1536       1536   781892.0       50.0     101288      0.002      0.000

    -47.20       1608       1608   779735.0       50.0     101289      0.002      0.000

    -47.40       1559       1559   783429.0       50.0     101290      0.002      0.000

    -47.60       1586       1586   780528.0       50.0     101291      0.002      0.000

    -47.80       1655       1655   779053.0       50.0     101292      0.002      0.000

    -48.00       1651       1651   784135.0       50.0     101294      0.002      0.000

    -48.20       1677       1677   786217.0       50.0     101295      0.002      0.000

    -48.40       1675       1675   784726.0       50.0     101296      0.002      0.000

    -48.60       1635       1635   783208.0       50.0     101297      0.002      0.000

    -48.80       1577       1577   784000.0       50.0     101298      0.002      0.000

    -49.00       1499       1499   778565.0       50.0     101299      0.002      0.000

    -49.20       1460       1460   779262.0       50.0     101300      0.002      0.000

    -49.40       1569       1569   782679.0       50.0     101301      0.002      0.000

    -49.60       1510       1510   781299.0       50.0     101302      0.002      0.000

    -49.80       1470       1470   781130.0       50.0     101303      0.002      0.000

    -50.00       1527       1527   783170.0       50.0     101304      0.002      0.000

    -50.20       1480       1480   780962.0       50.0     101305      0.002      0.000

    -50.40       1488       1488   777858.0       50.0     101306      0.002      0.000

    -50.60       1497       1497   781328.0       50.0     101307      0.002      0.000

    -50.80       1484       1484   780627.0       50.0     101308      0.002      0.000

    -51.00       1553       1553   779327.0       50.0     101309      0.002      0.000

    -51.20       1486       1486   777737.0       50.0     101311      0.002      0.000

    -51.40       1441       1441   782829.0       50.0     101312      0.002      0.000

    -51.60       1493       1493   777907.0     50.008     101313      0.002      0.000

    -51.80       1618       1618   777530.0       50.0     101314      0.002      0.000

    -52.00       1676       1676   781016.0       50.0     101315      0.002      0.000

    -52.20       1639       1639   776869.0       50.0     101316      0.002      0.000

    -52.40       1749       1749   776886.0       50.0     101317      0.002      0.000

    -52.60       1840       1840   776863.0       50.0     101318      0.002      0.000

    -52.80       1954       1953   781068.0       50.0     101319      0.003      0.000

    -53.00       1933       1933   782432.0       50.0     101320      0.002      0.000

    -53.20       2003       2003   783418.0       50.0     101321      0.003      0.000

    -53.40       1939       1938   781716.0       50.0     101322      0.002      0.000

    -53.60       1901       1901   777254.0       50.0     101323      0.002      0.000

    -53.80       1942       1942   780609.0     50.008     101324      0.002      0.000

    -54.00       1932       1932   780038.0       50.0     101325      0.002      0.000

    -54.20       1912       1912   778239.0       50.0     101326      0.002      0.000

    -54.40       2015       2015   776575.0       50.0     101328      0.003      0.000

    -54.60       2040       2040   781378.0     50.007     101329      0.003      0.000

    -54.80       2100       2100   776606.0       50.0     101330      0.003      0.000

    -55.00       2041       2041   779951.0       50.0     101331      0.003      0.000

    -55.20       1980       1980   778590.0       50.0     101332      0.003      0.000

    -55.40       1828       1828   781382.0       50.0     101333      0.002      0.000

    -55.60       1860       1860   779696.0       50.0     101334      0.002      0.000

    -55.80       1682       1681   776842.0       50.0     101335      0.002      0.000

    -56.00       1691       1691   776644.0       50.0     101336      0.002      0.000

    -56.20       1580       1579   777090.0       50.0     101337      0.002      0.000

    -56.40       1652       1652   776612.0       50.0     101338      0.002      0.000

    -56.60       1539       1539   776572.0       50.0     101339      0.002      0.000

    -56.80       1486       1486   777447.0       50.0     101340      0.002      0.000

    -57.00       1570       1570   780028.0       50.0     101341      0.002      0.000

    -57.20       1603       1603   778406.0       50.0     101342      0.002      0.000

    -57.40       1577       1577   777158.0       50.0     101343      0.002      0.000

    -57.60       1487       1487   775457.0       50.0     101345      0.002      0.000

    -57.80       1462       1462   775056.0       50.0     101346      0.002      0.000

    -58.00       1451       1451   775241.0       50.0     101347      0.002      0.000

    -58.20       1493       1493   776980.0       50.0     101348      0.002      0.000

    -58.40       1452       1452   783675.0       50.0     101349      0.002      0.000

    -58.60       1546       1546   782299.0       50.0     101350      0.002      0.000

    -58.80       1499       1499   775628.0       50.0     101351      0.002      0.000

    -59.00       1474       1474   774593.0       50.0     101352      0.002      0.000

    -59.20       1526       1526   774730.0       50.0     101353      0.002      0.000

    -59.40       1537       1537   781525.0       50.0     101355      0.002      0.000

    -59.60       1575       1575   776147.0       50.0     101356      0.002      0.000

    -59.80       1513       1513   773538.0       50.0     101357      0.002      0.000

    -60.00       1509       1509   775014.0     50.007     101358      0.002      0.000

    -60.20       1582       1582   779915.0       50.0     101359      0.002      0.000

    -60.40       1656       1656   781750.0       50.0     101360      0.002      0.000

    -60.60       1660       1660   780482.0       50.0     101361      0.002      0.000

    -60.80       1997       1997   777118.0       50.0     101362      0.003      0.000

    -61.00       2265       2265   773522.0       50.0     101363      0.003      0.000

    -61.20       2833       2833   774263.0       50.0     101365      0.004      0.000

    -61.40       3395       3395   774696.0       50.0     101366      0.004      0.000

    -61.60       3744       3744   776651.0       50.0     101367      0.005      0.000

    -61.80       4083       4083   775552.0       50.0     101368      0.005      0.000

    -62.00       4222       4222   774920.0       50.0     101369      0.005      0.000

    -62.20       4029       4029   772789.0       50.0     101370      0.005      0.000

    -62.40       3720       3720   779139.0       50.0     101371      0.005      0.000

    -62.60       3463       3463   779434.0     50.008     101372      0.004      0.000

    -62.80       2932       2932   776969.0       50.0     101373      0.004      0.000

    -63.00       2640       2640   780923.0       50.0     101375      0.003      0.000

    -63.20       2209       2209   773054.0       50.0     101376      0.003      0.000

    -63.40       1980       1980   774685.0       50.0     101377      0.003      0.000

    -63.60       1916       1916   778725.0       50.0     101378      0.002      0.000

    -63.80       1811       1811   780736.0       50.0     101379      0.002      0.000

    -64.00       1821       1821   777516.0       50.0     101380      0.002      0.000

    -64.20       1913       1913   777050.0       50.0     101381      0.002      0.000

    -64.40       1802       1802   775622.0       50.0     101382      0.002      0.000

    -64.60       1797       1797   773123.0       50.0     101383      0.002      0.000

    -64.80       1790       1790   769188.0       50.0     101384      0.002      0.000

    -65.00       1696       1696   776855.0     50.008     101385      0.002      0.000

    -65.20       1602       1602   772492.0       50.0     101386      0.002      0.000

    -65.40       1511       1511   770102.0     50.005     101387      0.002      0.000

    -65.60       1630       1630   773991.0       50.0     101388      0.002      0.000

    -65.80       1589       1589   776586.0       50.0     101389      0.002      0.000

    -66.00       1705       1705   777448.0       50.0     101390      0.002      0.000

    -66.20       1767       1766   773739.0       50.0     101392      0.002      0.000

    -66.40       1869       1869   775314.0       50.0     101393      0.002      0.000

    -66.60       1836       1836   774721.0       50.0     101394      0.002      0.000

    -66.80       1891       1891   772387.0       50.0     101395      0.002      0.000

    -67.00       1894       1894   772422.0       50.0     101396      0.002      0.000

    -67.20       1985       1985   773730.0       50.0     101397      0.003      0.000

    -67.40       1942       1942   770580.0       50.0     101398      0.003      0.000

    -67.60       1857       1857   774069.0       50.0     101399      0.002      0.000

    -67.80       1868       1868   774490.0       50.0     101400      0.002      0.000

    -68.00       1755       1755   772282.0       50.0     101404      0.002      0.000

    -68.20       1771       1771   773346.0       50.0     101405      0.002      0.000

    -68.40       1760       1760   772710.0       50.0     101406      0.002      0.000

    -68.60       1767       1767   772080.0       50.0     101407      0.002      0.000

    -68.80       1719       1719   770661.0       50.0     101408      0.002      0.000

    -69.00       1706       1706   771752.0     50.007     101409      0.002      0.000

    -69.20       1766       1766   770601.0       50.0     101410      0.002      0.000

    -69.40       1692       1692   774482.0       50.0     101411      0.002      0.000

    -69.60       1749       1749   771078.0       50.0     101412      0.002      0.000

    -69.80       1753       1753   770376.0       50.0     101413      0.002      0.000

    -70.00       1733       1733   773466.0       50.0     101414      0.002      0.000

    -70.20       1655       1655   774397.0       50.0     101415      0.002      0.000

    -70.40       1630       1630   770942.0       50.0     101416      0.002      0.000

    -70.60       1654       1654   769637.0       50.0     101417      0.002      0.000

    -70.80       1660       1660   768882.0     50.005     101418      0.002      0.000

    -71.00       1620       1620   768920.0       50.0     101420      0.002      0.000

    -71.20       1720       1720   771257.0       50.0     101421      0.002      0.000

    -71.40       1732       1732   769395.0       50.0     101422      0.002      0.000

    -71.60       1726       1726   768669.0       50.0     101423      0.002      0.000

    -71.80       1767       1767   769174.0       50.0     101424      0.002      0.000

    -72.00       1761       1761   769505.0       50.0     101425      0.002      0.000

    -72.20       1805       1805   770649.0       50.0     101426      0.002      0.000

    -72.40       1862       1862   768259.0       50.0     101427      0.002      0.000

    -72.60       1737       1737   771916.0       50.0     101428      0.002      0.000

    -72.80       1769       1769   769161.0       50.0     101430      0.002      0.000

    -73.00       1849       1849   770891.0       50.0     101431      0.002      0.000

    -73.20       1928       1928   770217.0       50.0     101432      0.003      0.000

    -73.40       2449       2449   769136.0       50.0     101433      0.003      0.000

    -73.60       3084       3084   770740.0       50.0     101434      0.004      0.000

    -73.80       3966       3966   770869.0     50.008     101435      0.005      0.000

    -74.00       5156       5156   771009.0       50.0     101436      0.007      0.000

    -74.20       6230       6230   767978.0       50.0     101437      0.008      0.000

    -74.40       7153       7153   770477.0       50.0     101438      0.009      0.000

    -74.60       7691       7691   768841.0       50.0     101439      0.010      0.000

    -74.80       8218       8218   769884.0       50.0     101440      0.011      0.000

    -75.00       8601       8601   768673.0       50.0     101441      0.011      0.000

    -75.20       8672       8672   768315.0       50.0     101442      0.011      0.000

    -75.40       8553       8553   766195.0       50.0     101443      0.011      0.000

    -75.60       8664       8664   768566.0       50.0     101444      0.011      0.000

    -75.80       8351       8351   767470.0       50.0     101445      0.011      0.000

    -76.00       7943       7943   767110.0       50.0     101447      0.010      0.000

    -76.20       7733       7733   771074.0       50.0     101448      0.010      0.000

    -76.40       8024       8024   769244.0       50.0     101449      0.010      0.000

    -76.60       9010       9010   772709.0     50.005     101450      0.012      0.000

    -76.80      12183      12183   769033.0       50.0     101451      0.016      0.000

    -77.00      17840      17840   767184.0       50.0     101452      0.023      0.000

    -77.20      26233      26233   768780.0       50.0     101453      0.034      0.000

    -77.40      34938      34938   767267.0       50.0     101454      0.046      0.000

    -77.60      43315      43315   768871.0       50.0     101455      0.056      0.000

    -77.80      50417      50417   769977.0       50.0     101456      0.065      0.000

    -78.00      54739      54739   767916.0       50.0     101457      0.071      0.000

    -78.20      55852      55851   773332.0       50.0     101458      0.072      0.000

    -78.40      53127      53127   766227.0       50.0     101459      0.069      0.000

    -78.60      49447      49447   770328.0       50.0     101460      0.064      0.000

    -78.80      43906      43905   774108.0       50.0     101461      0.057      0.000

    -79.00      36730      36730   768131.0       50.0     101462      0.048      0.000

    -79.20      29555      29555   764014.0       50.0     101464      0.039      0.000

    -79.40      22649      22649   774001.0       50.0     101465      0.029      0.000

    -79.60      16110      16110   770951.0       50.0     101466      0.021      0.000

    -79.80      10806      10806   766409.0       50.0     101467      0.014      0.000

    -80.00       6712       6712   773331.0       50.0     101468      0.009      0.000

    -80.20       4133       4133   766359.0       50.0     101469      0.005      0.000

    -80.40       3076       3076   768496.0       50.0     101470      0.004      0.000

    -80.60       2600       2600   770712.0       50.0     101471      0.003      0.000

    -80.80       2527       2527   769883.0       50.0     101472      0.003      0.000

    -81.00       2421       2421   768095.0     50.005     101473      0.003      0.000

    -81.20       2381       2381   771701.0       50.0     101474      0.003      0.000

    -81.40       2389       2389   767531.0       50.0     101475      0.003      0.000

    -81.60       2355       2355   768041.0       50.0     101476      0.003      0.000

    -81.80       2240       2240   768306.0       50.0     101477      0.003      0.000

    -82.00       2120       2120   767476.0       50.0     101478      0.003      0.000

    -82.20       2057       2057   767134.0       50.0     101479      0.003      0.000

    -82.40       2016       2016   767781.0       50.0     101481      0.003      0.000

    -82.60       1949       1949   768568.0       50.0     101482      0.003      0.000

    -82.80       1962       1962   769774.0       50.0     101483      0.003      0.000

    -83.00       1907       1907   767093.0       50.0     101484      0.002      0.000

    -83.20       1779       1779   766922.0       50.0     101485      0.002      0.000

    -83.40       1747       1747   766636.0     50.007     101486      0.002      0.000

    -83.60       1776       1776   766989.0       50.0     101487      0.002      0.000


Wed Jul 16 09:19:16 2014: scan(axis=s2th, start=-83.7, step=0.2, end=-110, time=50)
    -83.70       1717       1717   773727.0       50.0     101490      0.002      0.000

    -83.90       1819       1819   774306.0       50.0     101492      0.002      0.000

    -84.10       1816       1816   775710.0       50.0     101493      0.002      0.000

    -84.30       1768       1768   775115.0       50.0     101494      0.002      0.000

    -84.50       1786       1786   774742.0       50.0     101495      0.002      0.000

    -84.70       1702       1702   772830.0       50.0     101496      0.002      0.000

    -84.90       1768       1768   772128.0       50.0     101497      0.002      0.000

    -85.10       1737       1737   770832.0       50.0     101498      0.002      0.000

    -85.30       1713       1713   770375.0       50.0     101499      0.002      0.000

    -85.50       1785       1785   769400.0       50.0     101500      0.002      0.000

    -85.70       1677       1677   770066.0       50.0     101501      0.002      0.000

    -85.90       1766       1766   771186.0       50.0     101502      0.002      0.000

    -86.10       1700       1700   773533.0       50.0     101503      0.002      0.000

    -86.30       1716       1715   771530.0       50.0     101504      0.002      0.000

    -86.50       1717       1717   774806.0       50.0     101505      0.002      0.000

    -86.70       1791       1791   773458.0       50.0     101506      0.002      0.000

    -86.90       1747       1747   772122.0       50.0     101507      0.002      0.000

    -87.10       1772       1772   771210.0       50.0     101508      0.002      0.000

    -87.30       1737       1737   772456.0       50.0     101509      0.002      0.000

    -87.50       1767       1767   771315.0     50.008     101510      0.002      0.000

    -87.70       1853       1853   769980.0       50.0     101511      0.002      0.000

    -87.90       1925       1925   767928.0       50.0     101512      0.003      0.000

    -88.10       1957       1957   764748.0       50.0     101513      0.003      0.000

    -88.30       2189       2189   765973.0       50.0     101515      0.003      0.000

    -88.50       2552       2552   771497.0       50.0     101516      0.003      0.000

    -88.70       3257       3257   773619.0       50.0     101517      0.004      0.000

    -88.90       4239       4239   765645.0       50.0     101518      0.006      0.000

    -89.10       5842       5842   769603.0       50.0     101519      0.008      0.000

    -89.30       8112       8112   771128.0       50.0     101520      0.011      0.000

    -89.50      11265      11265   772959.0       50.0     101521      0.015      0.000

    -89.70      14839      14839   764093.0       50.0     101522      0.019      0.000

    -89.90      18993      18992   767833.0       50.0     101523      0.025      0.000

    -90.10      23100      23100   767113.0       50.0     101524      0.030      0.000

    -90.30      26444      26444   768401.0       50.0     101525      0.034      0.000

    -90.50      29173      29173   767261.0       50.0     101526      0.038      0.000

    -90.70      30601      30601   765791.0       50.0     101527      0.040      0.000

    -90.90      30738      30738   766859.0       50.0     101528      0.040      0.000

    -91.10      29636      29635   770149.0       50.0     101529      0.038      0.000

    -91.30      28373      28372   770261.0       50.0     101531      0.037      0.000

    -91.50      25482      25482   771014.0     50.008     101532      0.033      0.000

    -91.70      22653      22652   769754.0       50.0     101533      0.029      0.000

    -91.90      19813      19813   768471.0       50.0     101534      0.026      0.000

    -92.10      16539      16539   769889.0       50.0     101535      0.021      0.000

    -92.30      13497      13497   764329.0       50.0     101536      0.018      0.000

    -92.50      10674      10674   766745.0       50.0     101537      0.014      0.000

    -92.70       7894       7894   765852.0       50.0     101538      0.010      0.000

    -92.90       5994       5994   765359.0       50.0     101539      0.008      0.000

    -93.10       4550       4550   766928.0       50.0     101540      0.006      0.000

    -93.30       3406       3406   766840.0       50.0     101541      0.004      0.000

    -93.50       2694       2694   768552.0       50.0     101542      0.004      0.000

    -93.70       2293       2293   764193.0       50.0     101543      0.003      0.000

    -93.90       2205       2205   765400.0       50.0     101544      0.003      0.000

    -94.10       2003       2003   765641.0       50.0     101545      0.003      0.000

    -94.30       1976       1976   763612.0     50.008     101547      0.003      0.000

    -94.50       1935       1935   769657.0       50.0     101548      0.003      0.000

    -94.70       1997       1997   765809.0       50.0     101549      0.003      0.000

    -94.90       1936       1936   762365.0       50.0     101550      0.003      0.000

    -95.10       1988       1988   764402.0       50.0     101551      0.003      0.000

    -95.30       1857       1857   766223.0       50.0     101552      0.002      0.000

    -95.50       1848       1848   768304.0       50.0     101553      0.002      0.000

    -95.70       1916       1916   768384.0       50.0     101554      0.002      0.000

    -95.90       1991       1991   765149.0       50.0     101555      0.003      0.000

    -96.10       2029       2029   764870.0       50.0     101556      0.003      0.000

    -96.30       2142       2142   762158.0       50.0     101557      0.003      0.000

    -96.50       2497       2497   761064.0       50.0     101558      0.003      0.000

    -96.70       2962       2962   761931.0       50.0     101559      0.004      0.000

    -96.90       3509       3509   767818.0       50.0     101560      0.005      0.000

    -97.10       4507       4507   765895.0       50.0     101561      0.006      0.000

    -97.30       5322       5322   760932.0     50.008     101562      0.007      0.000

    -97.50       6149       6148   763809.0       50.0     101563      0.008      0.000

    -97.70       6670       6670   762847.0     50.006     101564      0.009      0.000

    -97.90       7246       7246   761900.0       50.0     101565      0.010      0.000

    -98.10       7355       7355   763467.0       50.0     101566      0.010      0.000

    -98.30       7111       7111   763226.0       50.0     101567      0.009      0.000

    -98.50       6803       6803   762111.0     50.007     101568      0.009      0.000

    -98.70       6612       6612   762118.0       50.0     101570      0.009      0.000

    -98.90       5898       5898   759613.0       50.0     101571      0.008      0.000

    -99.10       5568       5568   759593.0       50.0     101572      0.007      0.000

    -99.30       5044       5044   760393.0       50.0     101573      0.007      0.000

    -99.50       4557       4557   760205.0       50.0     101574      0.006      0.000

    -99.70       4025       4025   760098.0       50.0     101575      0.005      0.000

    -99.90       3551       3551   762822.0       50.0     101576      0.005      0.000

   -100.10       3070       3070   762900.0       50.0     101577      0.004      0.000

   -100.30       2783       2783   761976.0       50.0     101578      0.004      0.000

   -100.50       2406       2406   761095.0       50.0     101579      0.003      0.000

   -100.70       2199       2199   762069.0     50.007     101580      0.003      0.000

   -100.90       2021       2021   764596.0       50.0     101581      0.003      0.000

   -101.10       1939       1939   764604.0       50.0     101582      0.003      0.000

   -101.30       1827       1827   764851.0       50.0     101583      0.002      0.000

   -101.50       1780       1780   762299.0     50.006     101584      0.002      0.000

   -101.70       1831       1831   759974.0       50.0     101586      0.002      0.000

   -101.90       1885       1885   757951.0       50.0     101587      0.002      0.000

   -102.10       1707       1707   760804.0       50.0     101588      0.002      0.000

   -102.30       1884       1884   761772.0       50.0     101589      0.002      0.000

   -102.50       1715       1715   756200.0       50.0     101590      0.002      0.000

   -102.70       1723       1723   762655.0       50.0     101591      0.002      0.000

   -102.90       1668       1668   757239.0       50.0     101592      0.002      0.000

   -103.10       1661       1661   763889.0       50.0     101593      0.002      0.000

   -103.30       1638       1638   761725.0       50.0     101594      0.002      0.000

   -103.50       1634       1634   759987.0       50.0     101595      0.002      0.000

   -103.70       1585       1585   757222.0       50.0     101596      0.002      0.000

   -103.90       1567       1567   755095.0       50.0     101597      0.002      0.000

   -104.10       1603       1603   755887.0       50.0     101598      0.002      0.000

   -104.30       1600       1599   756698.0       50.0     101599      0.002      0.000

   -104.50       1642       1642   759340.0       50.0     101600      0.002      0.000

   -104.70       1648       1648   758585.0       50.0     101602      0.002      0.000

   -104.90       1617       1617   755283.0       50.0     101603      0.002      0.000

   -105.10       1665       1665   761791.0       50.0     101604      0.002      0.000

   -105.30       1573       1573   753041.0       50.0     101605      0.002      0.000

   -105.50       1574       1574   756400.0       50.0     101606      0.002      0.000

   -105.70       1557       1557   754968.0       50.0     101607      0.002      0.000

   -105.90       1650       1649   753725.0       50.0     101608      0.002      0.000

   -106.10       1611       1611   754554.0       50.0     101609      0.002      0.000

   -106.30       1573       1573   753913.0       50.0     101610      0.002      0.000

   -106.50       1532       1532   754077.0       50.0     101611      0.002      0.000

   -106.70       1557       1557   753334.0       50.0     101612      0.002      0.000

   -106.90       1564       1564   754790.0       50.0     101613      0.002      0.000

   -107.10       1608       1608   756016.0       50.0     101614      0.002      0.000

   -107.30       1545       1545   756656.0       50.0     101615      0.002      0.000

   -107.50       1625       1625   758747.0       50.0     101616      0.002      0.000

   -107.70       1793       1793   754520.0     50.006     101617      0.002      0.000

   -107.90       1934       1934   755789.0       50.0     101619      0.003      0.000

   -108.10       2232       2232   755640.0       50.0     101620      0.003      0.000

   -108.30       2818       2817   758761.0       50.0     101621      0.004      0.000

   -108.50       3706       3706   757271.0       50.0     101622      0.005      0.000

   -108.70       5199       5199   757201.0       50.0     101623      0.007      0.000

   -108.90       7256       7255   752991.0       50.0     101624      0.010      0.000

   -109.10      10005      10005   752868.0       50.0     101625      0.013      0.000

   -109.30      13316      13316   756283.0       50.0     101626      0.018      0.000

   -109.50      15884      15884   756311.0       50.0     101627      0.021      0.000

   -109.70      18731      18731   758152.0       50.0     101629      0.025      0.000

   -109.90      20462      20462   752006.0       50.0     101630      0.027      0.000

Wed Jul 16 11:57:24 2014: move(axis=SRV34, targetPos=90.82
Wed Jul 16 12:00:40 2014: move(axis=SRV34, targetPos=-90.82
Wed Jul 16 12:08:11 2014: move(axis=SRV34, targetPos=-98

Wed Jul 16 12:12:40 2014: scan(axis=s2th, start=-95, step=0.2, end=-100, time=20)
    -95.00        300        300   300581.0     20.001     101638      0.001      0.000

    -95.20        298        298   298747.0       20.0     101639      0.001      0.000

    -95.40        331        331   299840.0       20.0     101640      0.001      0.000

    -95.60        324        324   299829.0       20.0     101641      0.001      0.000

    -95.80        354        354   299625.0       20.0     101642      0.001      0.000

    -96.00        351        351   299501.0     20.004     101643      0.001      0.000

    -96.20        374        374   299693.0       20.0     101644      0.001      0.000

    -96.40        457        457   299954.0     20.005     101645      0.002      0.000

    -96.60        596        596   300341.0       20.0     101646      0.002      0.000

    -96.80        802        802   300804.0       20.0     101647      0.003      0.000

    -97.00       1053       1053   299803.0       20.0     101648      0.004      0.000

    -97.20       1357       1357   299120.0       20.0     101650      0.005      0.000

    -97.40       1657       1657   299689.0       20.0     101651      0.006      0.000

    -97.60       1945       1945   298427.0       20.0     101652      0.007      0.000

    -97.80       2107       2107   298344.0     20.003     101653      0.007      0.000

    -98.00       2217       2217   300949.0       20.0     101654      0.007      0.000

    -98.20       2266       2266   299422.0       20.0     101655      0.008      0.000

    -98.40       2195       2195   300426.0       20.0     101656      0.007      0.000

    -98.60       2141       2141   300186.0       20.0     101657      0.007      0.000

    -98.80       1919       1919   300722.0       20.0     101658      0.006      0.000

    -99.00       1707       1707   300247.0       20.0     101659      0.006      0.000

    -99.20       1626       1626   300299.0       20.0     101660      0.005      0.000

    -99.40       1407       1407   298801.0       20.0     101661      0.005      0.000

    -99.60       1272       1272   298582.0       20.0     101662      0.004      0.000

    -99.80       1107       1107   299199.0       20.0     101663      0.004      0.000

   -100.00        942        942   300335.0       20.0     101664      0.003      0.000


Wed Jul 16 12:30:12 2014: scan(axis=s2th, start=-106, step=0.2, end=-115, time=50)
   -106.00        827        827   745825.0       50.0     101665      0.001      0.000

   -106.20        820        820   750177.0       50.0     101666      0.001      0.000

   -106.40        815        815   743304.0       50.0     101668      0.001      0.000

   -106.60        814        814   748140.0       50.0     101669      0.001      0.000

   -106.80        846        846   747344.0       50.0     101670      0.001      0.000

   -107.00        815        815   747458.0       50.0     101671      0.001      0.000

   -107.20        842        842   749525.0       50.0     101672      0.001      0.000

   -107.40        834        834   747253.0       50.0     101673      0.001      0.000

   -107.60        925        925   745135.0       50.0     101674      0.001      0.000

   -107.80       1040       1040   746778.0       50.0     101675      0.001      0.000

   -108.00       1185       1185   745862.0       50.0     101676      0.002      0.000

   -108.20       1611       1611   744921.0       50.0     101677      0.002      0.000

   -108.40       2284       2284   747293.0       50.0     101678      0.003      0.000

   -108.60       3494       3494   749738.0     50.006     101679      0.005      0.000

   -108.80       5108       5108   746620.0       50.0     101680      0.007      0.000

   -109.00       7227       7227   743617.0       50.0     101681      0.010      0.000

   -109.20      10119      10119   749597.0       50.0     101682      0.013      0.000

   -109.40      12719      12719   743984.0       50.0     101684      0.017      0.000

   -109.60      15067      15067   745180.0       50.0     101685      0.020      0.000

   -109.80      16991      16991   742578.0       50.0     101686      0.023      0.000

   -110.00      18508      18508   748115.0     50.008     101687      0.025      0.000

   -110.20      19278      19278   746829.0       50.0     101688      0.026      0.000

   -110.40      19654      19654   744117.0       50.0     101689      0.026      0.000

   -110.60      19206      19206   742651.0       50.0     101690      0.026      0.000

   -110.80      18724      18724   745126.0       50.0     101691      0.025      0.000

   -111.00      17844      17844   744536.0       50.0     101692      0.024      0.000

   -111.20      16272      16272   741076.0       50.0     101693      0.022      0.000

   -111.40      14603      14603   744267.0       50.0     101694      0.020      0.000

   -111.60      13010      13010   740570.0       50.0     101695      0.018      0.000

   -111.80      11443      11443   747432.0       50.0     101696      0.015      0.000

   -112.00      10273      10273   744648.0       50.0     101697      0.014      0.000

   -112.20       9252       9252   744802.0       50.0     101698      0.012      0.000

   -112.40       8060       8060   745420.0       50.0     101699      0.011      0.000

   -112.60       6788       6788   741641.0       50.0     101700      0.009      0.000

   -112.80       5285       5285   741559.0       50.0     101701      0.007      0.000

   -113.00       3947       3947   744005.0       50.0     101702      0.005      0.000

   -113.20       2728       2728   745454.0       50.0     101703      0.004      0.000

   -113.40       1864       1864   745483.0     50.007     101704      0.003      0.000

   -113.60       1384       1384   743969.0       50.0     101705      0.002      0.000

   -113.80       1063       1063   739747.0       50.0     101707      0.001      0.000

   -114.00        975        975   741418.0       50.0     101708      0.001      0.000

   -114.20        925        925   743606.0       50.0     101709      0.001      0.000

   -114.40       1038       1038   744518.0       50.0     101710      0.001      0.000

Wed Jul 16 13:21:39 2014: move(axis=SRV34, targetPos=-90
Wed Jul 16 13:28:12 2014: cscan(axis=monok, amplitude=1, step=0.1, time=10)
     21.83         80         80    21213.0       10.0     101713      0.004      0.000

     21.93        113        113    28515.0       10.0     101714      0.004      0.000

     22.03        125        125    37516.0       10.0     101715      0.003      0.000

     22.13        162        162    49472.0       10.0     101716      0.003      0.000

     22.23        174        174    63711.0       10.0     101717      0.003      0.000

     22.33        223        223    80753.0       10.0     101718      0.003      0.000

     22.43        303        303    99137.0       10.0     101719      0.003      0.000

     22.53        357        357   117206.0       10.0     101720      0.003      0.000

     22.63        476        476   133444.0       10.0     101721      0.004      0.000

     22.73        554        554   143182.0       10.0     101722      0.004      0.000

     22.83        652        652   146671.0       10.0     101723      0.004      0.000

     22.93        668        668   144271.0       10.0     101724      0.005      0.000

     23.03        560        560   134231.0       10.0     101725      0.004      0.000

     23.13        527        527   118209.0       10.0     101726      0.004      0.000

     23.23        451        451    99170.0       10.0     101727      0.005      0.000

     23.33        337        337    79525.0       10.0     101728      0.004      0.000

     23.43        275        275    61573.0       10.0     101729      0.004      0.000

     23.53        231        231    46598.0       10.0     101730      0.005      0.000

     23.63        175        175    34725.0       10.0     101731      0.005      0.000

     23.73        126        126    26042.0       10.0     101732      0.005      0.000

     23.83         88         88    19675.0       10.0     101733      0.004      0.000

Wed Jul 16 21:58:20 2014: move(axis=STP4, targetPos=22.83

Wed Jul 16 22:32:58 2014: scan(axis=om, start=0, step=0.2, end=1, time=5)
      0.00          1          1       27.0      5.001     101767      0.037      0.038

      0.00          1          1       33.0        5.0     101768      0.030      0.031


Wed Jul 16 22:38:20 2014: scan(axis=om, start=0, step=0.2, end=1, time=5)
      0.00          1          1       28.0        5.0     101771      0.036      0.036

      0.20          2          2       35.0        5.0     101772      0.057      0.042

      0.40          1          1       21.0      5.002     101773      0.048      0.049

      0.60          2          2       19.0        5.0     101774      0.105      0.078

      0.80          0          0       19.0        5.0     101775      0.000      0.000

      1.00          1          1       15.0        5.0     101776      0.067      0.069

Wed Jul 16 22:51:00 2014: move(axis=STP4, targetPos=19
Wed Jul 16 22:54:43 2014: move(axis=STP4, targetPos=22.83
Wed Jul 16 22:54:47 2014: move(axis=SRV32, targetPos=45.66
Wed Jul 16 22:56:24 2014: cscan(axis=s2th, amplitude=2.6, step=0.2, time=15)
Wed Jul 16 22:56:58 2014: move(axis=STP4, targetPos=22.83
Wed Jul 16 22:57:01 2014: move(axis=SRV32, targetPos=45.66
Wed Jul 16 23:00:56 2014: move(axis=STP4, targetPos=22.83
Wed Jul 16 23:01:17 2014: move(axis=STP4, targetPos=22.83
Wed Jul 16 23:01:20 2014: move(axis=SRV32, targetPos=45.66
Wed Jul 16 23:03:06 2014: move(axis=SRV34, targetPos=-43.86
Wed Jul 16 23:04:39 2014: cscan(axis=s2th, amplitude=2.6, step=0.2, time=15)
Wed Jul 16 23:06:43 2014: move(axis=SRV34, targetPos=-43.86
Wed Jul 16 23:07:20 2014: cscan(axis=s2th, amplitude=2.6, step=0.2, time=15)
Wed Jul 16 23:09:15 2014: move(axis=SRV34, targetPos=-43.86
Wed Jul 16 23:09:36 2014: cscan(axis=s2th, amplitude=2.6, step=0.2, time=15)
    -46.45         75         75   216525.0       15.0     101780      0.000      0.000

    -46.26         68         68   215813.0       15.0     101781      0.000      0.000

    -46.05         74         74   215974.0       15.0     101782      0.000      0.000

    -45.85         82         82   215903.0       15.0     101783      0.000      0.000

    -45.66         65         65   214638.0       15.0     101784      0.000      0.000

    -45.45         74         74   214671.0       15.0     101785      0.000      0.000

    -45.25         64         64   215160.0       15.0     101786      0.000      0.000

    -45.05         75         75   214849.0       15.0     101787      0.000      0.000

    -44.85         84         84   216386.0       15.0     101788      0.000      0.000

    -44.65         93         93   215600.0       15.0     101789      0.000      0.000

    -44.45        129        129   215453.0       15.0     101790      0.001      0.000

    -44.25        224        224   216523.0       15.0     101791      0.001      0.000

    -44.05        331        331   214955.0       15.0     101792      0.002      0.000

    -43.85        399        399   216010.0       15.0     101793      0.002      0.000

    -43.65        414        414   215211.0     15.007     101794      0.002      0.000

    -43.45        482        482   215791.0       15.0     101795      0.002      0.000

    -43.25        383        383   216460.0       15.0     101796      0.002      0.000

    -43.05        333        333   216116.0       15.0     101797      0.002      0.000

    -42.85        167        167   216618.0       15.0     101798      0.001      0.000

    -42.65        110        110   216308.0       15.0     101799      0.001      0.000

    -42.45         67         67   215536.0       15.0     101800      0.000      0.000

    -42.26         66         66   214151.0       15.0     101801      0.000      0.000

    -42.05         93         93   214524.0       15.0     101802      0.000      0.000

    -41.85         75         75   213908.0       15.0     101803      0.000      0.000

    -41.66         80         80   214500.0       15.0     101804      0.000      0.000

    -41.45         84         84   214097.0       15.0     101806      0.000      0.000

    -41.25         83         83   215114.0       15.0     101807      0.000      0.000

Wed Jul 16 23:25:34 2014: move(axis=SRV34, targetPos=-61.27
Wed Jul 16 23:26:24 2014: cscan(axis=s2th, amplitude=2.6, step=0.2, time=15)
    -63.86         58         58   215894.0       15.0     101809      0.000      0.000

    -63.66         65         65   216823.0       15.0     101810      0.000      0.000

    -63.46         70         70   215688.0       15.0     101812      0.000      0.000

    -63.26         56         56   215172.0       15.0     101813      0.000      0.000

    -63.07         58         58   214256.0       15.0     101814      0.000      0.000

    -62.86         63         63   215040.0       15.0     101815      0.000      0.000

    -62.66         52         52   214656.0       15.0     101816      0.000      0.000

    -62.47         60         60   214099.0       15.0     101817      0.000      0.000

    -62.26         86         86   213251.0       15.0     101818      0.000      0.000

    -62.06        129        129   216523.0       15.0     101819      0.001      0.000

    -61.87        146        146   214658.0       15.0     101820      0.001      0.000

    -61.66        183        183   213790.0       15.0     101821      0.001      0.000

    -61.46        207        207   213642.0       15.0     101822      0.001      0.000

    -61.27        221        221   215685.0       15.0     101823      0.001      0.000

    -61.06        261        261   215039.0       15.0     101824      0.001      0.000

    -60.86        263        263   214763.0       15.0     101825      0.001      0.000

    -60.66        229        229   214858.0       15.0     101826      0.001      0.000

    -60.46        209        209   214082.0       15.0     101827      0.001      0.000

    -60.26        170        170   216311.0       15.0     101828      0.001      0.000

    -60.06         84         84   215365.0       15.0     101829      0.000      0.000

    -59.86         88         88   216369.0       15.0     101830      0.000      0.000

    -59.66         60         60   214026.0       15.0     101831      0.000      0.000

    -59.46         75         75   213613.0       15.0     101832      0.000      0.000

    -59.26         63         63   214984.0       15.0     101833      0.000      0.000

    -59.07         58         58   216611.0       15.0     101834      0.000      0.000

    -58.86         61         61   215805.0       15.0     101835      0.000      0.000

    -58.66         63         63   214944.0       15.0     101836      0.000      0.000

Wed Jul 16 23:42:14 2014: move(axis=SRV34, targetPos=-73.8
Wed Jul 16 23:42:56 2014: cscan(axis=s2th, amplitude=2.6, step=0.2, time=15)
    -76.39       2433       2433   215150.0       15.0     101838      0.011      0.000

    -76.19       1764       1764   213768.0       15.0     101839      0.008      0.000

    -75.99       1033       1033   214222.0       15.0     101841      0.005      0.000

    -75.79        457        457   214327.0     15.003     101842      0.002      0.000

    -75.60        206        206   214618.0       15.0     101843      0.001      0.000

    -75.39        123        123   214286.0       15.0     101844      0.001      0.000

    -75.19         91         91   214178.0       15.0     101845      0.000      0.000

    -75.00        131        131   214694.0       15.0     101846      0.001      0.000

    -74.79        194        194   215801.0       15.0     101847      0.001      0.000

    -74.59        247        247   215225.0       15.0     101848      0.001      0.000

    -74.40        266        266   213377.0       15.0     101849      0.001      0.000

    -74.19        319        319   212536.0       15.0     101850      0.002      0.000

    -73.99        393        393   214115.0       15.0     101851      0.002      0.000

    -73.80        417        417   213541.0       15.0     101852      0.002      0.000

    -73.59        464        464   213425.0       15.0     101853      0.002      0.000

    -73.39        432        432   213436.0       15.0     101854      0.002      0.000

    -73.20        421        421   213670.0       15.0     101855      0.002      0.000

    -72.99        335        335   213489.0       15.0     101856      0.002      0.000

    -72.79        280        280   213530.0       15.0     101857      0.001      0.000

    -72.59        194        194   214177.0       15.0     101858      0.001      0.000

    -72.39        104        104   214130.0       15.0     101859      0.000      0.000

    -72.19         71         71   214349.0       15.0     101860      0.000      0.000

    -71.99         56         56   214683.0     15.004     101861      0.000      0.000

    -71.79         52         52   215581.0       15.0     101862      0.000      0.000

    -71.60         66         66   214733.0       15.0     101863      0.000      0.000

    -71.39         62         62   214169.0       15.0     101864      0.000      0.000

    -71.19         49         49   214432.0       15.0     101865      0.000      0.000

Wed Jul 16 23:58:46 2014: move(axis=SRV34, targetPos=-77.1
Wed Jul 16 23:59:12 2014: cscan(axis=s2th, amplitude=2.6, step=0.2, time=15)
