    -79.69         72         72   213230.0     15.004     101867      0.000      0.000

    -79.50         66         66   212330.0       15.0     101868      0.000      0.000

    -79.29         68         68   212965.0       15.0     101869      0.000      0.000

    -79.09         79         79   212236.0       15.0     101870      0.000      0.000

    -78.90        113        113   212905.0       15.0     101871      0.001      0.000

    -78.69        182        182   213627.0       15.0     101872      0.001      0.000

    -78.49        450        450   212014.0       15.0     101873      0.002      0.000

    -78.30        856        856   213488.0       15.0     101874      0.004      0.000

    -78.09       1322       1322   213730.0       15.0     101875      0.006      0.000

    -77.89       1580       1580   214260.0       15.0     101876      0.007      0.000

    -77.69       1949       1949   213744.0       15.0     101877      0.009      0.000

    -77.49       2437       2437   215329.0       15.0     101878      0.011      0.000

    -77.29       2615       2615   213327.0       15.0     101879      0.012      0.000

    -77.09       2993       2993   212486.0       15.0     101880      0.014      0.000

    -76.89       3056       3056   213057.0       15.0     101881      0.014      0.000

    -76.69       3025       3025   213652.0       15.0     101882      0.014      0.000

    -76.49       2926       2926   213122.0       15.0     101883      0.014      0.000

    -76.29       2471       2471   214324.0       15.0     101884      0.012      0.000

    -76.10       1741       1741   214344.0       15.0     101885      0.008      0.000

    -75.89        917        917   214575.0       15.0     101886      0.004      0.000

    -75.69        420        420   215069.0       15.0     101887      0.002      0.000

    -75.50        203        203   212764.0     15.003     101888      0.001      0.000

    -75.29        112        112   211702.0       15.0     101889      0.001      0.000

    -75.09        106        106   212205.0       15.0     101890      0.000      0.000

    -74.90        138        138   212781.0       15.0     101891      0.001      0.000

    -74.69        181        181   212925.0       15.0     101892      0.001      0.000

    -74.49        282        282   213471.0     15.003     101893      0.001      0.000

Thu Jul 17 00:14:54 2014: move(axis=SRV34, targetPos=-108.51
Thu Jul 17 00:16:08 2014: cscan(axis=s2th, amplitude=2.6, step=0.2, time=15)
   -111.10        212        212   214465.0       15.0     101895      0.001      0.000

   -110.90        259        259   213400.0       15.0     101896      0.001      0.000

   -110.70        391        391   214080.0       15.0     101898      0.002      0.000

   -110.50        576        576   213228.0       15.0     101899      0.003      0.000

   -110.30        584        584   213678.0       15.0     101900      0.003      0.000

   -110.10        661        661   213760.0       15.0     101901      0.003      0.000

   -109.90        694        694   214558.0       15.0     101902      0.003      0.000

   -109.70        767        767   213176.0       15.0     101903      0.004      0.000

   -109.50        846        846   213782.0       15.0     101904      0.004      0.000

   -109.30        998        998   213742.0       15.0     101905      0.005      0.000

   -109.10       1121       1121   214217.0       15.0     101906      0.005      0.000

   -108.90       1277       1277   212211.0       15.0     101907      0.006      0.000

   -108.70       1322       1322   211895.0       15.0     101908      0.006      0.000

   -108.50       1345       1345   212126.0       15.0     101910      0.006      0.000

   -108.30       1387       1387   215177.0       15.0     101911      0.006      0.000

   -108.10       1364       1364   215128.0     15.005     101912      0.006      0.000

   -107.90       1360       1360   211277.0     15.003     101913      0.006      0.000

   -107.70       1325       1325   213634.0       15.0     101914      0.006      0.000

   -107.50       1149       1149   214303.0       15.0     101915      0.005      0.000

   -107.30        967        967   214505.0       15.0     101916      0.005      0.000

   -107.10        739        739   212813.0       15.0     101917      0.003      0.000

   -106.90        516        516   211945.0       15.0     101918      0.002      0.000

   -106.70        309        309   212469.0       15.0     101919      0.001      0.000

   -106.50        210        210   213071.0       15.0     101920      0.001      0.000

   -106.30        133        133   213809.0       15.0     101921      0.001      0.000

   -106.10        103        103   214132.0       15.0     101922      0.000      0.000

   -105.90         92         92   213949.0       15.0     101923      0.000      0.000

Thu Jul 17 00:32:02 2014: move(axis=STP4, targetPos=20.99
Thu Jul 17 00:32:05 2014: move(axis=SRV32, targetPos=41.98
Thu Jul 17 00:34:24 2014: move(axis=SRV34, targetPos=-40.33
Thu Jul 17 00:36:29 2014: cscan(axis=s2th, amplitude=2.6, step=0.2, time=15)
    -42.92         65         65   183268.0       15.0     101925      0.000      0.000

    -42.72         63         63   184408.0       15.0     101926      0.000      0.000

    -42.52         52         52   184501.0       15.0     101927      0.000      0.000

    -42.32         61         61   183878.0       15.0     101928      0.000      0.000

    -42.12         52         52   184172.0       15.0     101929      0.000      0.000

    -41.92         53         53   184468.0       15.0     101930      0.000      0.000

    -41.72         72         72   184960.0       15.0     101931      0.000      0.000

    -41.52         73         73   185414.0       15.0     101932      0.000      0.000

    -41.32         91         91   186099.0       15.0     101933      0.000      0.000

    -41.12         85         85   185445.0       15.0     101934      0.000      0.000

    -40.92        121        121   185152.0       15.0     101935      0.001      0.000

    -40.72        155        155   183991.0       15.0     101937      0.001      0.000

    -40.52        247        247   184501.0       15.0     101938      0.001      0.000

    -40.32        274        274   183169.0       15.0     101939      0.001      0.000

    -40.12        321        321   183704.0       15.0     101940      0.002      0.000

    -39.92        335        335   183679.0       15.0     101941      0.002      0.000

    -39.72        373        373   184254.0       15.0     101942      0.002      0.000

    -39.52        299        299   183777.0       15.0     101943      0.002      0.000

    -39.32        181        181   184319.0       15.0     101944      0.001      0.000

    -39.12         94         94   183514.0       15.0     101945      0.001      0.000

    -38.92         53         53   184679.0       15.0     101946      0.000      0.000

    -38.72         54         54   184226.0       15.0     101947      0.000      0.000

    -38.52         75         75   183919.0       15.0     101948      0.000      0.000

    -38.32         71         71   184311.0       15.0     101949      0.000      0.000

    -38.12         93         93   184435.0       15.0     101950      0.001      0.000

    -37.92         72         72   184682.0       15.0     101951      0.000      0.000

    -37.72         80         80   184942.0       15.0     101952      0.000      0.000

Thu Jul 17 00:52:20 2014: move(axis=SRV34, targetPos=-56.11
Thu Jul 17 00:53:07 2014: cscan(axis=s2th, amplitude=2.6, step=0.2, time=15)
    -58.70         57         57   184976.0     15.003     101954      0.000      0.000

    -58.50         47         47   184844.0       15.0     101955      0.000      0.000

    -58.30         50         50   184685.0       15.0     101957      0.000      0.000

    -58.10         54         54   183810.0       15.0     101958      0.000      0.000

    -57.91         70         70   184298.0       15.0     101959      0.000      0.000

    -57.70         54         54   184669.0       15.0     101960      0.000      0.000

    -57.50         67         67   184336.0       15.0     101961      0.000      0.000

    -57.30         68         68   184630.0       15.0     101962      0.000      0.000

    -57.10         66         66   184797.0       15.0     101963      0.000      0.000

    -56.90        100        100   184521.0       15.0     101964      0.001      0.000

    -56.70        131        131   184533.0       15.0     101965      0.001      0.000

    -56.50        153        153   184738.0       15.0     101966      0.001      0.000

    -56.30        170        170   184405.0       15.0     101967      0.001      0.000

    -56.10        185        185   183544.0       15.0     101968      0.001      0.000

    -55.90        219        219   184028.0       15.0     101969      0.001      0.000

    -55.70        177        177   184427.0       15.0     101970      0.001      0.000

    -55.50        179        179   183768.0       15.0     101971      0.001      0.000

    -55.30        183        183   183961.0       15.0     101972      0.001      0.000

    -55.10        138        138   183492.0       15.0     101973      0.001      0.000

    -54.90         67         67   183348.0       15.0     101974      0.000      0.000

    -54.70         46         46   184466.0       15.0     101976      0.000      0.000

    -54.50         62         62   184766.0       15.0     101977      0.000      0.000

    -54.30         51         51   185144.0       15.0     101978      0.000      0.000

    -54.10         66         66   184265.0       15.0     101979      0.000      0.000

    -53.91         60         60   183536.0       15.0     101980      0.000      0.000

    -53.70         53         53   183423.0       15.0     101981      0.000      0.000

    -53.50         67         67   183132.0       15.0     101982      0.000      0.000

Thu Jul 17 01:09:09 2014: move(axis=SRV34, targetPos=-67.31
Thu Jul 17 01:09:48 2014: cscan(axis=s2th, amplitude=2.6, step=0.2, time=15)
    -69.90       2413       2413   183109.0       15.0     101984      0.013      0.000

    -69.69       2354       2354   183396.0       15.0     101985      0.013      0.000

    -69.50       2057       2057   184020.0       15.0     101986      0.011      0.000

    -69.30       1536       1536   183819.0       15.0     101987      0.008      0.000

    -69.10        846        846   184019.0       15.0     101988      0.005      0.000

    -68.90        327        327   184783.0       15.0     101989      0.002      0.000

    -68.70        134        134   184188.0       15.0     101990      0.001      0.000

    -68.50         97         97   184595.0       15.0     101991      0.001      0.000

    -68.30        152        152   185200.0       15.0     101992      0.001      0.000

    -68.10        196        196   182942.0       15.0     101993      0.001      0.000

    -67.90        197        197   182919.0       15.0     101994      0.001      0.000

    -67.70        267        267   184048.0       15.0     101995      0.001      0.000

    -67.50        302        302   185056.0       15.0     101996      0.002      0.000

    -67.30        370        370   184403.0       15.0     101997      0.002      0.000

    -67.10        335        335   184383.0       15.0     101998      0.002      0.000

    -66.90        368        368   184314.0       15.0     101999      0.002      0.000

    -66.70        378        378   183401.0       15.0     102000      0.002      0.000

    -66.50        339        339   184419.0       15.0     102001      0.002      0.000

    -66.30        239        239   184308.0       15.0     102002      0.001      0.000

    -66.10        154        154   183833.0       15.0     102003      0.001      0.000

    -65.90         95         95   184134.0       15.0     102004      0.001      0.000

    -65.69         57         57   183469.0       15.0     102005      0.000      0.000

    -65.50         56         56   183696.0     15.002     102006      0.000      0.000

    -65.30         45         45   183895.0       15.0     102007      0.000      0.000

    -65.10         49         49   184394.0       15.0     102008      0.000      0.000

    -64.90         63         63   184060.0       15.0     102009      0.000      0.000

    -64.70         50         50   183102.0       15.0     102010      0.000      0.000

Thu Jul 17 01:25:38 2014: move(axis=SRV34, targetPos=-70.23
Thu Jul 17 01:26:03 2014: cscan(axis=s2th, amplitude=2.6, step=0.2, time=15)
    -72.82         59         59   182843.0       15.0     102011      0.000      0.000

    -72.62         58         58   182139.0       15.0     102012      0.000      0.000

    -72.42         52         52   182836.0       15.0     102013      0.000      0.000

    -72.22         60         60   181592.0       15.0     102014      0.000      0.000

    -72.03         81         81   183061.0       15.0     102016      0.000      0.000

    -71.82         97         97   182216.0       15.0     102017      0.001      0.000

    -71.62        256        256   183468.0       15.0     102018      0.001      0.000

    -71.43        539        539   184207.0       15.0     102019      0.003      0.000

    -71.22        995        994   182099.0       15.0     102020      0.005      0.000

    -71.02       1157       1157   181562.0       15.0     102021      0.006      0.000

    -70.83       1402       1402   183461.0       15.0     102022      0.008      0.000

    -70.62       1663       1663   184533.0       15.0     102023      0.009      0.000

    -70.42       2085       2085   183369.0       15.0     102024      0.011      0.000

    -70.22       2149       2149   182657.0       15.0     102025      0.012      0.000

    -70.02       2338       2338   182134.0       15.0     102026      0.013      0.000

    -69.82       2462       2462   182850.0       15.0     102027      0.013      0.000

    -69.62       2273       2273   182770.0       15.0     102028      0.012      0.000

    -69.42       1810       1810   182848.0       15.0     102029      0.010      0.000

    -69.22       1321       1321   182318.0       15.0     102030      0.007      0.000

    -69.02        687        687   182683.0       15.0     102031      0.004      0.000

    -68.82        242        242   182958.0       15.0     102032      0.001      0.000

    -68.62        102        102   183290.0       15.0     102033      0.001      0.000

    -68.42        124        124   183506.0       15.0     102034      0.001      0.000

    -68.22        174        174   183373.0       15.0     102035      0.001      0.000

    -68.03        194        194   183373.0       15.0     102036      0.001      0.000

    -67.82        215        215   183820.0       15.0     102037      0.001      0.000

    -67.62        250        250   183611.0       15.0     102038      0.001      0.000

Thu Jul 17 01:41:48 2014: move(axis=SRV34, targetPos=-97.04
Thu Jul 17 01:42:53 2014: cscan(axis=s2th, amplitude=2.6, step=0.2, time=15)
    -99.63         95         95   183055.0       15.0     102040      0.001      0.000

    -99.43        105        105   182846.0       15.0     102041      0.001      0.000

    -99.23        155        155   183862.0       15.0     102042      0.001      0.000

    -99.03        244        244   182741.0       15.0     102043      0.001      0.000

    -98.83        340        340   182247.0       15.0     102044      0.002      0.000

    -98.63        471        471   182681.0       15.0     102045      0.003      0.000

    -98.43        551        551   181811.0       15.0     102046      0.003      0.000

    -98.23        526        526   182098.0       15.0     102047      0.003      0.000

    -98.03        601        601   182135.0       15.0     102048      0.003      0.000

    -97.83        687        687   181556.0       15.0     102049      0.004      0.000

    -97.63        784        784   183056.0       15.0     102050      0.004      0.000

    -97.43        912        912   182839.0       15.0     102051      0.005      0.000

    -97.23       1051       1051   183619.0     15.003     102052      0.006      0.000

    -97.03       1010       1010   182719.0       15.0     102053      0.006      0.000

    -96.83       1054       1054   183372.0       15.0     102054      0.006      0.000

    -96.63       1008       1008   182437.0       15.0     102055      0.006      0.000

    -96.43       1054       1054   182977.0       15.0     102056      0.006      0.000

    -96.23       1070       1070   184346.0       15.0     102057      0.006      0.000

    -96.03        953        953   183163.0       15.0     102058      0.005      0.000

    -95.83        718        718   184188.0       15.0     102059      0.004      0.000

    -95.63        556        556   183451.0       15.0     102060      0.003      0.000

    -95.43        319        319   182389.0       15.0     102061      0.002      0.000

    -95.23        185        185   181054.0       15.0     102062      0.001      0.000

    -95.03        101        101   181414.0       15.0     102063      0.001      0.000

    -94.83         73         73   182662.0       15.0     102064      0.000      0.000

    -94.63         52         52   182066.0       15.0     102066      0.000      0.000

    -94.43         52         52   182609.0       15.0     102067      0.000      0.000


Thu Jul 17 01:58:49 2014: scan(axis=s2th, start=-97, step=0.2, end=-125, time=15)
    -97.00       1025       1025   183193.0       15.0     102068      0.006      0.000

    -97.20        956        956   182625.0       15.0     102069      0.005      0.000

    -97.40       1015       1015   182564.0       15.0     102070      0.006      0.000

    -97.60        885        885   182438.0       15.0     102071      0.005      0.000

    -97.80        676        676   183438.0       15.0     102072      0.004      0.000

    -98.00        617        617   183098.0       15.0     102073      0.003      0.000

    -98.20        500        500   183225.0       15.0     102074      0.003      0.000

    -98.40        471        471   183680.0       15.0     102075      0.003      0.000

    -98.60        507        507   184570.0       15.0     102076      0.003      0.000

    -98.80        415        415   183689.0       15.0     102077      0.002      0.000

    -99.00        303        303   182435.0       15.0     102078      0.002      0.000

    -99.20        184        184   182977.0       15.0     102079      0.001      0.000

    -99.40        134        134   181830.0       15.0     102080      0.001      0.000

    -99.60         86         86   181656.0       15.0     102081      0.000      0.000

    -99.80         68         68   182422.0       15.0     102082      0.000      0.000

   -100.00         67         67   181549.0       15.0     102083      0.000      0.000

   -100.20         90         90   181829.0       15.0     102084      0.000      0.000

   -100.40        100        100   181302.0       15.0     102085      0.001      0.000

   -100.60        114        114   182212.0       15.0     102086      0.001      0.000

   -100.80        140        140   181821.0       15.0     102087      0.001      0.000

   -101.00        153        153   182465.0       15.0     102089      0.001      0.000

   -101.20        175        175   181440.0       15.0     102090      0.001      0.000

   -101.40        153        153   182117.0       15.0     102091      0.001      0.000

   -101.60        141        141   182357.0       15.0     102092      0.001      0.000

   -101.80        128        128   181478.0       15.0     102093      0.001      0.000

   -102.00        149        149   181490.0       15.0     102094      0.001      0.000

   -102.20        154        154   182135.0       15.0     102096      0.001      0.000

   -102.40        157        157   182770.0       15.0     102097      0.001      0.000

   -102.60        134        134   182279.0       15.0     102098      0.001      0.000

   -102.80        120        120   180553.0       15.0     102101      0.001      0.000

   -103.00        111        111   181657.0       15.0     102102      0.001      0.000

   -103.20        120        120   182611.0       15.0     102103      0.001      0.000

   -103.40        106        106   181878.0       15.0     102104      0.001      0.000

   -103.60        101        101   181923.0       15.0     102106      0.001      0.000

   -103.80        104        104   182316.0       15.0     102109      0.001      0.000

   -104.00        138        138   182353.0       15.0     102110      0.001      0.000


Thu Jul 17 08:57:09 2014: scan(axis=s2th, start=-97, step=0.2, end=-125, time=15)
    -97.00        942        942   173430.0       15.0     102112      0.005      0.000

    -97.20        898        898   174103.0       15.0     102113      0.005      0.000

    -97.40        863        863   173819.0       15.0     102114      0.005      0.000

    -97.60        740        740   174070.0       15.0     102115      0.004      0.000

    -97.80        668        668   173282.0       15.0     102116      0.004      0.000

    -98.00        572        572   173842.0       15.0     102117      0.003      0.000

    -98.20        459        459   172616.0       15.0     102118      0.003      0.000

    -98.40        475        475   173405.0       15.0     102119      0.003      0.000

    -98.60        394        394   174740.0       15.0     102120      0.002      0.000

    -98.80        334        334   174528.0       15.0     102121      0.002      0.000

    -99.00        229        229   174569.0       15.0     102122      0.001      0.000

    -99.20        169        169   174051.0       15.0     102123      0.001      0.000

    -99.40         92         92   174069.0       15.0     102124      0.001      0.000

    -99.60         64         64   172442.0       15.0     102125      0.000      0.000

    -99.80         45         45   174408.0       15.0     102126      0.000      0.000

   -100.00         82         82   173359.0       15.0     102127      0.000      0.000

   -100.20         86         86   173293.0       15.0     102128      0.000      0.000

   -100.40        107        107   173977.0       15.0     102129      0.001      0.000

   -100.60        111        111   173765.0       15.0     102130      0.001      0.000

   -100.80        150        150   174069.0       15.0     102131      0.001      0.000

   -101.00        123        123   173458.0       15.0     102132      0.001      0.000

   -101.20        174        174   172602.0       15.0     102133      0.001      0.000

   -101.40        151        151   173241.0       15.0     102134      0.001      0.000

   -101.60        157        157   174421.0       15.0     102135      0.001      0.000

   -101.80        180        180   174108.0       15.0     102136      0.001      0.000

   -102.00        146        146   173787.0       15.0     102137      0.001      0.000

   -102.20        136        136   174099.0       15.0     102138      0.001      0.000

   -102.40        140        140   173665.0       15.0     102139      0.001      0.000

   -102.60        130        130   172754.0       15.0     102140      0.001      0.000

   -102.80        119        119   173508.0       15.0     102141      0.001      0.000

   -103.00         87         87   172891.0       15.0     102142      0.001      0.000

   -103.20        141        141   173735.0       15.0     102143      0.001      0.000

   -103.40        104        104   174592.0       15.0     102144      0.001      0.000

   -103.60        119        119   174104.0       15.0     102145      0.001      0.000

   -103.80         96         96   174011.0       15.0     102146      0.001      0.000

   -104.00        110        110   173671.0       15.0     102147      0.001      0.000

   -104.20        114        114   173840.0       15.0     102148      0.001      0.000

   -104.40        127        127   173638.0       15.0     102149      0.001      0.000

   -104.60        126        126   173233.0       15.0     102150      0.001      0.000

   -104.80        105        105   173188.0       15.0     102151      0.001      0.000

   -105.00        118        118   173219.0       15.0     102152      0.001      0.000

   -105.20        111        111   173352.0       15.0     102153      0.001      0.000

   -105.40        110        110   174053.0       15.0     102154      0.001      0.000

   -105.60        103        103   173919.0       15.0     102156      0.001      0.000

   -105.80        105        105   174658.0       15.0     102157      0.001      0.000

   -106.00        108        108   174260.0       15.0     102158      0.001      0.000

   -106.20        107        107   173702.0       15.0     102159      0.001      0.000

   -106.40        100        100   172607.0       15.0     102160      0.001      0.000

   -106.60         99         99   172624.0       15.0     102161      0.001      0.000

   -106.80        104        104   172932.0       15.0     102162      0.001      0.000

   -107.00         97         97   172458.0       15.0     102163      0.001      0.000

   -107.20         93         93   173214.0       15.0     102164      0.001      0.000

   -107.40         79         79   173264.0       15.0     102165      0.000      0.000

   -107.60         79         79   172773.0       15.0     102166      0.000      0.000

   -107.80         63         63   172764.0       15.0     102167      0.000      0.000

   -108.00         68         68   172627.0       15.0     102168      0.000      0.000

   -108.20         69         69   172579.0       15.0     102169      0.000      0.000

   -108.40         66         66   171968.0       15.0     102170      0.000      0.000

   -108.60         79         79   173165.0       15.0     102171      0.000      0.000

   -108.80         79         79   173291.0       15.0     102172      0.000      0.000

   -109.00         67         67   172072.0       15.0     102173      0.000      0.000

   -109.20         77         77   172566.0       15.0     102174      0.000      0.000

   -109.40         61         61   173438.0       15.0     102175      0.000      0.000

   -109.60         79         79   173792.0       15.0     102176      0.000      0.000

   -109.80         66         66   174368.0       15.0     102177      0.000      0.000

   -110.00         71         71   173591.0       15.0     102178      0.000      0.000

   -110.20         71         71   172955.0       15.0     102179      0.000      0.000

   -110.40         85         85   172294.0       15.0     102180      0.000      0.000

   -110.60         95         95   172171.0       15.0     102181      0.001      0.000

   -110.80         77         77   171983.0       15.0     102182      0.000      0.000

   -111.00         89         89   173071.0       15.0     102183      0.001      0.000

   -111.20         83         83   173008.0       15.0     102184      0.000      0.000

   -111.40         82         82   171812.0       15.0     102185      0.000      0.000

   -111.60         69         69   172787.0       15.0     102186      0.000      0.000

   -111.80         96         96   172098.0       15.0     102187      0.001      0.000

   -112.00         82         82   172293.0       15.0     102188      0.000      0.000

   -112.20        112        112   172155.0       15.0     102189      0.001      0.000

   -112.40         86         86   172229.0       15.0     102191      0.000      0.000

   -112.60         71         71   172525.0       15.0     102192      0.000      0.000

   -112.80         88         88   172356.0       15.0     102193      0.001      0.000

   -113.00         82         82   172177.0       15.0     102194      0.000      0.000

   -113.20         77         77   171864.0       15.0     102195      0.000      0.000

   -113.40         91         91   172796.0       15.0     102196      0.001      0.000

   -113.60         82         82   172934.0       15.0     102197      0.000      0.000

   -113.80        102        102   173246.0       15.0     102198      0.001      0.000

   -114.00         85         85   173748.0     15.006     102199      0.000      0.000

   -114.20         91         91   173466.0       15.0     102200      0.001      0.000

   -114.40        109        109   172942.0       15.0     102201      0.001      0.000

   -114.60         92         92   173119.0       15.0     102202      0.001      0.000

Thu Jul 17 10:01:49 2014: move(axis=SRV34, targetPos=-100
Thu Jul 17 10:02:45 2014: cscan(axis=s2th, amplitude=3.9, step=0.3, time=15)
   -103.89        277        277   171658.0       15.0     102205      0.002      0.000

   -103.59        246        246   172184.0       15.0     102206      0.001      0.000

   -103.29        219        219   172708.0       15.0     102207      0.001      0.000

   -102.99        273        273   171696.0       15.0     102208      0.002      0.000

   -102.69        281        281   172640.0       15.0     102209      0.002      0.000

   -102.39        278        278   172161.0       15.0     102210      0.002      0.000

   -102.09        297        297   172477.0       15.0     102211      0.002      0.000

   -101.80        265        265   171920.0       15.0     102212      0.002      0.000

   -101.49        284        284   171823.0       15.0     102213      0.002      0.000

   -101.20        277        277   172136.0       15.0     102214      0.002      0.000

   -100.89        249        249   172813.0       15.0     102215      0.001      0.000

   -100.59        248        248   172878.0       15.0     102216      0.001      0.000

   -100.29        203        203   171589.0       15.0     102217      0.001      0.000

    -99.99        183        183   171965.0       15.0     102218      0.001      0.000


Thu Jul 17 10:12:26 2014: scan(axis=s2th, start=-93.7, step=0.3, end=100.3, time=15)
    -93.70        161        161   171913.0       15.0     102221      0.001      0.000

    -93.40        149        149   171657.0       15.0     102222      0.001      0.000

    -93.10        151        151   172337.0       15.0     102224      0.001      0.000

    -92.80        160        160   171312.0       15.0     102225      0.001      0.000

    -92.50        161        161   172186.0       15.0     102226      0.001      0.000

    -92.20        153        153   171172.0       15.0     102227      0.001      0.000

    -91.90        158        158   172502.0       15.0     102228      0.001      0.000

    -91.60        164        164   172058.0       15.0     102229      0.001      0.000

    -91.30        179        179   172012.0       15.0     102230      0.001      0.000

    -91.00        155        155   171964.0       15.0     102231      0.001      0.000


Thu Jul 17 10:19:09 2014: scan(axis=s2th, start=-93.7, step=0.3, end=-100.3, time=15)
    -93.70        152        152   173304.0       15.0     102233      0.001      0.000

    -94.00        181        181   173133.0       15.0     102234      0.001      0.000

    -94.30        172        172   172932.0       15.0     102235      0.001      0.000

    -94.60        149        149   172691.0       15.0     102236      0.001      0.000

    -94.90        180        180   172426.0       15.0     102237      0.001      0.000

    -95.20        180        180   173391.0       15.0     102238      0.001      0.000

    -95.50        246        246   173275.0       15.0     102239      0.001      0.000

    -95.80        498        498   172551.0       15.0     102241      0.003      0.000

    -96.10        845        845   172189.0       15.0     102242      0.005      0.000

    -96.40       1091       1091   171436.0       15.0     102243      0.006      0.000

    -96.70       1167       1167   170949.0       15.0     102244      0.007      0.000

    -97.00       1217       1217   171438.0       15.0     102245      0.007      0.000

    -97.30       1065       1065   170439.0       15.0     102246      0.006      0.000

    -97.60       1056       1056   171133.0       15.0     102247      0.006      0.000

    -97.90        903        903   171587.0       15.0     102248      0.005      0.000

    -98.20        763        763   173285.0       15.0     102249      0.004      0.000

    -98.50        625        625   173085.0       15.0     102251      0.004      0.000

    -98.80        586        586   172065.0       15.0     102252      0.003      0.000

    -99.10        426        426   172226.0       15.0     102253      0.002      0.000

    -99.40        292        292   172435.0       15.0     102254      0.002      0.000

    -99.70        194        194   172358.0       15.0     102255      0.001      0.000

   -100.00        176        176   171695.0       15.0     102256      0.001      0.000

   -100.30        220        220   172185.0       15.0     102257      0.001      0.000


Thu Jul 17 10:33:47 2014: scan(axis=s2th, start=-64, step=0.3, end=-74, time=10)
    -64.00         80         80   114212.0       10.0     102259      0.001      0.000

    -64.30         60         60   114637.0       10.0     102260      0.001      0.000

    -64.60         83         83   114373.0       10.0     102261      0.001      0.000

    -64.90         91         91   114168.0       10.0     102262      0.001      0.000

    -65.20         88         88   114642.0       10.0     102263      0.001      0.000

    -65.50         62         62   114347.0       10.0     102264      0.001      0.000

    -65.80        102        102   114382.0       10.0     102265      0.001      0.000

    -66.10         80         80   113814.0       10.0     102266      0.001      0.000

    -66.40        167        167   114166.0       10.0     102267      0.001      0.000

    -66.70        246        246   114326.0       10.0     102268      0.002      0.000

    -67.00        276        276   115026.0       10.0     102269      0.002      0.000

    -67.30        289        289   114373.0       10.0     102270      0.003      0.000

    -67.60        254        254   113977.0       10.0     102271      0.002      0.000

    -67.90        197        197   114109.0       10.0     102272      0.002      0.000

    -68.20        161        161   113933.0       10.0     102273      0.001      0.000

    -68.50        153        153   113646.0       10.0     102274      0.001      0.000

    -68.80        126        126   113936.0       10.0     102275      0.001      0.000

    -69.10        237        237   115164.0       10.0     102276      0.002      0.000

    -69.40        720        720   114697.0       10.0     102277      0.006      0.000

    -69.70       1400       1400   115023.0       10.0     102278      0.012      0.000

    -70.00       1638       1638   114328.0       10.0     102279      0.014      0.000

    -70.30       1539       1539   114894.0       10.0     102280      0.013      0.000

    -70.60       1486       1486   114263.0       10.0     102281      0.013      0.000

    -70.90       1198       1198   114172.0       10.0     102282      0.010      0.000

    -71.20        844        844   114762.0       10.0     102283      0.007      0.000

    -71.50        617        617   114360.0       10.0     102284      0.005      0.000

    -71.80        284        284   114526.0       10.0     102285      0.002      0.000

    -72.10        111        111   114277.0       10.0     102286      0.001      0.000

    -72.40         93         93   113828.0       10.0     102287      0.001      0.000

    -72.70         89         89   113744.0       10.0     102288      0.001      0.000

    -73.00         79         79   114053.0       10.0     102289      0.001      0.000

    -73.30         85         85   113925.0       10.0     102290      0.001      0.000

    -73.60         85         85   114168.0       10.0     102291      0.001      0.000

    -73.90         90         90   114129.0       10.0     102292      0.001      0.000


Thu Jul 17 10:56:22 2014: scan(axis=s2th, start=-53, step=0.3, end=-59, time=10)
    -53.00         71         71   113789.0       10.0     102294      0.001      0.000

    -53.30         93         93   113830.0       10.0     102295      0.001      0.000

    -53.60         93         93   113535.0       10.0     102296      0.001      0.000

    -53.90         97         97   113903.0     10.003     102297      0.001      0.000

    -54.20         78         78   113989.0       10.0     102298      0.001      0.000

    -54.50         89         89   114710.0       10.0     102299      0.001      0.000

    -54.80         93         93   114753.0       10.0     102300      0.001      0.000

    -55.10         97         97   114497.0       10.0     102301      0.001      0.000

    -55.40        115        115   113505.0       10.0     102302      0.001      0.000

    -55.70        166        166   113929.0       10.0     102303      0.001      0.000

    -56.00        186        186   113383.0       10.0     102304      0.002      0.000

    -56.30        158        158   113821.0       10.0     102305      0.001      0.000

    -56.60        166        166   114149.0       10.0     102306      0.001      0.000

    -56.90        128        128   113850.0       10.0     102307      0.001      0.000

    -57.20        101        101   113965.0       10.0     102308      0.001      0.000

    -57.50        105        105   113348.0       10.0     102309      0.001      0.000

    -57.80         89         89   113024.0       10.0     102310      0.001      0.000

    -58.10         73         73   113479.0       10.0     102311      0.001      0.000

    -58.40         83         83   114102.0       10.0     102312      0.001      0.000

    -58.70         92         92   114091.0       10.0     102313      0.001      0.000

    -59.00         85         85   114206.0       10.0     102314      0.001      0.000


Thu Jul 17 11:09:15 2014: scan(axis=s2th, start=-38, step=0.2, end=-42, time=15)
    -38.00        128        128   170446.0       15.0     102316      0.001      0.000

    -38.20        129        129   170738.0       15.0     102317      0.001      0.000

    -38.40        124        124   170634.0       15.0     102318      0.001      0.000

    -38.60        121        121   170228.0       15.0     102319      0.001      0.000

    -38.80        127        127   169799.0       15.0     102320      0.001      0.000

    -39.00        131        131   170549.0       15.0     102321      0.001      0.000

    -39.20        144        144   171383.0       15.0     102322      0.001      0.000

    -39.40        148        148   171263.0       15.0     102323      0.001      0.000

    -39.60        201        201   170970.0       15.0     102324      0.001      0.000

    -39.80        320        320   171123.0       15.0     102325      0.002      0.000

    -40.00        367        367   171422.0       15.0     102326      0.002      0.000

    -40.20        414        414   170484.0       15.0     102327      0.002      0.000

    -40.40        385        385   171181.0       15.0     102328      0.002      0.000

    -40.60        368        368   169903.0       15.0     102329      0.002      0.000

    -40.80        339        339   169558.0       15.0     102330      0.002      0.000

    -41.00        253        253   170785.0       15.0     102331      0.001      0.000

    -41.20        186        186   171325.0       15.0     102332      0.001      0.000

    -41.40        155        155   170724.0       15.0     102333      0.001      0.000

    -41.60         98         98   170510.0       15.0     102334      0.001      0.000

    -41.80        145        145   170821.0       15.0     102335      0.001      0.000

    -42.00        116        116   171441.0       15.0     102336      0.001      0.000


Thu Jul 17 11:28:11 2014: scan(axis=s2th, start=-38, step=0.2, end=-42, time=15)
    -38.00         44         44    35091.0       15.0     102338      0.001      0.000

    -38.20         49         49    35153.0       15.0     102339      0.001      0.000

    -38.40         55         55    34972.0       15.0     102341      0.002      0.000

    -38.60         59         59    35037.0       15.0     102342      0.002      0.000

    -38.80         55         55    34602.0       15.0     102343      0.002      0.000

    -39.00         46         46    35095.0       15.0     102344      0.001      0.000

    -39.20         59         59    34932.0       15.0     102345      0.002      0.000

    -39.40         53         53    34955.0       15.0     102346      0.002      0.000

    -39.60         51         51    34875.0       15.0     102347      0.001      0.000

    -39.80         59         59    34565.0       15.0     102348      0.002      0.000

    -40.00        137        137    34763.0       15.0     102349      0.004      0.000

    -40.20        154        154    34603.0       15.0     102350      0.004      0.000

    -40.40        175        175    34841.0       15.0     102351      0.005      0.000

    -40.60        155        155    34618.0       15.0     102353      0.004      0.000

    -40.80        122        122    34624.0       15.0     102354      0.004      0.000

    -41.00        116        116    34540.0       15.0     102355      0.003      0.000

    -41.20         63         63    34781.0       15.0     102356      0.002      0.000

    -41.40         56         56    34964.0       15.0     102357      0.002      0.000

    -41.60         54         54    35228.0       15.0     102358      0.002      0.000

    -41.80         40         40    34528.0       15.0     102359      0.001      0.000

    -42.00         53         53    34646.0       15.0     102360      0.002      0.000


Thu Jul 17 11:43:29 2014: scan(axis=s2th, start=-54, step=0.2, end=-58.5, time=20)
    -54.00         67         67    46076.0       20.0     102362      0.001      0.000

    -54.20         71         71    45791.0       20.0     102363      0.002      0.000

    -54.40         59         59    45871.0       20.0     102364      0.001      0.000

    -54.60         76         76    45925.0       20.0     102365      0.002      0.000

    -54.80         60         60    46080.0       20.0     102366      0.001      0.000

    -55.00         82         82    46031.0       20.0     102368      0.002      0.000

    -55.20         67         67    45970.0       20.0     102369      0.001      0.000

    -55.40         76         76    45644.0       20.0     102370      0.002      0.000

    -55.60         77         77    46263.0       20.0     102371      0.002      0.000

    -55.80        130        130    45903.0       20.0     102372      0.003      0.000

    -56.00        160        160    46149.0       20.0     102373      0.003      0.000

    -56.20        171        171    46136.0       20.0     102374      0.004      0.000

    -56.40        157        157    45966.0       20.0     102375      0.003      0.000

    -56.60        137        137    45711.0       20.0     102377      0.003      0.000

    -56.80        142        142    45548.0       20.0     102378      0.003      0.000

    -57.00        101        101    45631.0       20.0     102379      0.002      0.000

    -57.20         96         96    45634.0       20.0     102380      0.002      0.000

    -57.40         83         83    46003.0       20.0     102381      0.002      0.000

    -57.60         80         80    45852.0       20.0     102382      0.002      0.000

    -57.80         77         77    45913.0       20.0     102383      0.002      0.000

    -58.00         81         81    46290.0       20.0     102384      0.002      0.000

    -58.20         60         60    46248.0       20.0     102386      0.001      0.000

    -58.40         67         67    46342.0       20.0     102387      0.001      0.000


Thu Jul 17 12:09:34 2014: scan(axis=s2th, start=-65, step=0.2, end=-73, time=30)
    -65.00        120        120    69196.0       30.0     102389      0.002      0.000

    -65.20        125        125    68706.0       30.0     102390      0.002      0.000

    -65.40        124        124    69063.0       30.0     102391      0.002      0.000

    -65.60        138        138    69414.0       30.0     102392      0.002      0.000

    -65.80        119        119    69227.0       30.0     102393      0.002      0.000

    -66.00        111        111    69092.0       30.0     102394      0.002      0.000

    -66.20        120        120    68903.0       30.0     102395      0.002      0.000

    -66.40        149        149    69062.0       30.0     102396      0.002      0.000

    -66.60        150        150    69236.0       30.0     102397      0.002      0.000

    -66.80        184        184    68856.0       30.0     102398      0.003      0.000

    -67.00        277        277    68828.0       30.0     102399      0.004      0.000

    -67.20        358        358    69212.0       30.0     102400      0.005      0.000

    -67.40        369        369    68307.0       30.0     102401      0.005      0.000

    -67.60        343        343    68586.0       30.0     102402      0.005      0.000

    -67.80        341        341    69419.0       30.0     102403      0.005      0.000

    -68.00        273        273    68849.0       30.0     102405      0.004      0.000

    -68.20        248        248    68374.0       30.0     102406      0.004      0.000

    -68.40        221        221    68814.0       30.0     102407      0.003      0.000

    -68.60        164        164    69055.0       30.0     102408      0.002      0.000

    -68.80        143        143    68661.0       30.0     102409      0.002      0.000

    -69.00        115        115    68579.0       30.0     102410      0.002      0.000

    -69.20        147        147    68812.0       30.0     102411      0.002      0.000

    -69.40        226        226    68474.0       30.0     102412      0.003      0.000

    -69.60        450        450    68233.0       30.0     102413      0.007      0.000

    -69.80        964        964    68896.0       30.0     102414      0.014      0.000

    -70.00       1555       1555    68493.0       30.0     102415      0.023      0.001

    -70.20       2054       2054    68945.0       30.0     102416      0.030      0.001

    -70.40       2310       2310    68220.0       30.0     102417      0.034      0.001

    -70.60       2014       2014    68275.0       30.0     102418      0.029      0.001

    -70.80       1746       1746    67878.0       30.0     102419      0.026      0.001

    -71.00       1459       1459    68257.0       30.0     102420      0.021      0.001

    -71.20       1223       1223    68775.0       30.0     102421      0.018      0.001

    -71.40       1002       1002    68588.0       30.0     102422      0.015      0.000

    -71.60        568        568    68819.0       30.0     102423      0.008      0.000

    -71.80        282        282    68492.0       30.0     102424      0.004      0.000

    -72.00        139        139    68232.0       30.0     102425      0.002      0.000

    -72.20        133        133    68310.0       30.0     102426      0.002      0.000

    -72.40        120        120    67459.0       30.0     102427      0.002      0.000

    -72.60        151        151    68132.0       30.0     102428      0.002      0.000

    -72.80        124        124    68663.0       30.0     102429      0.002      0.000

    -73.00        128        128    69035.0       30.0     102431      0.002      0.000


Thu Jul 17 12:43:47 2014: scan(axis=s2th, start=-94, step=0.2, end=-101, time=30)
    -94.00        162        162    69150.0       30.0     102433      0.002      0.000

    -94.20        158        158    68644.0       30.0     102434      0.002      0.000

    -94.40        204        204    68408.0       30.0     102435      0.003      0.000

    -94.60        173        173    68321.0       30.0     102436      0.003      0.000

    -94.80        179        179    68119.0       30.0     102437      0.003      0.000

    -95.00        163        163    68346.0       30.0     102438      0.002      0.000

    -95.20        179        179    68599.0       30.0     102439      0.003      0.000

    -95.40        162        162    68359.0       30.0     102440      0.002      0.000

    -95.60        204        204    67950.0       30.0     102441      0.003      0.000

    -95.80        204        204    68010.0       30.0     102442      0.003      0.000

    -96.00        260        260    68712.0       30.0     102443      0.004      0.000

    -96.20        366        366    68661.0       30.0     102444      0.005      0.000

    -96.40        481        481    68673.0       30.0     102445      0.007      0.000

    -96.60        754        754    68432.0       30.0     102446      0.011      0.000

    -96.80        935        935    67896.0       30.0     102447      0.014      0.000

    -97.00        997        997    68215.0       30.0     102449      0.015      0.000

    -97.20       1061       1061    68126.0       30.0     102450      0.016      0.000

    -97.40       1086       1086    68161.0       30.0     102451      0.016      0.000

    -97.60        958        958    67670.0       30.0     102452      0.014      0.000

    -97.80        810        810    67552.0       30.0     102453      0.012      0.000

    -98.00        745        745    68217.0       30.0     102454      0.011      0.000

    -98.20        694        694    68210.0       30.0     102455      0.010      0.000

    -98.40        685        685    67810.0       30.0     102456      0.010      0.000

    -98.60        648        648    68592.0       30.0     102457      0.009      0.000

    -98.80        638        638    68396.0       30.0     102458      0.009      0.000

    -99.00        447        447    68319.0       30.0     102459      0.007      0.000

    -99.20        320        320    68521.0       30.0     102460      0.005      0.000

    -99.40        249        249    67762.0       30.0     102461      0.004      0.000

    -99.60        226        226    67477.0       30.0     102462      0.003      0.000

    -99.80        211        211    68123.0       30.0     102463      0.003      0.000

   -100.00        208        208    67998.0       30.0     102464      0.003      0.000

   -100.20        214        214    67963.0       30.0     102465      0.003      0.000

   -100.40        219        219    68234.0       30.0     102466      0.003      0.000

   -100.60        209        209    68228.0       30.0     102467      0.003      0.000

   -100.80        208        208    68522.0       30.0     102468      0.003      0.000

   -101.00        238        238    68213.0       30.0     102470      0.003      0.000


Thu Jul 17 13:50:39 2014: scan(axis=strY, start=-45, step=5, end=45, time=40)
    -45.00        230        230    91433.0       40.0     102474      0.003      0.000

    -40.00        221        221    90736.0       40.0     102475      0.002      0.000

    -35.00        231        231    90217.0       40.0     102476      0.003      0.000

    -30.00        247        247    90447.0       40.0     102477      0.003      0.000

    -25.00        222        222    90568.0       40.0     102478      0.002      0.000

    -20.00        235        235    91029.0       40.0     102479      0.003      0.000

    -15.00        318        318    91051.0       40.0     102480      0.003      0.000

    -10.00        437        437    90990.0       40.0     102481      0.005      0.000

     -5.00        447        447    91518.0       40.0     102482      0.005      0.000

      0.00        416        416    90548.0       40.0     102483      0.005      0.000

      5.00        435        435    90880.0       40.0     102484      0.005      0.000

     10.00        418        418    90837.0       40.0     102485      0.005      0.000

     15.00        347        347    90666.0       40.0     102486      0.004      0.000

     20.00        374        374    91745.0       40.0     102487      0.004      0.000

     25.00        377        377    91490.0       40.0     102488      0.004      0.000

     30.00        376        376    90551.0       40.0     102489      0.004      0.000

     35.00        333        333    90932.0       40.0     102490      0.004      0.000

     40.00        335        335    91142.0       40.0     102491      0.004      0.000

     45.00        228        228    91264.0       40.0     102492      0.002      0.000

Thu Jul 17 14:08:57 2014: move(axis=STP12, targetPos=0
Thu Jul 17 14:20:18 2014: move(axis=STP13, targetPos=2
Thu Jul 17 14:22:45 2014: move(axis=STP13, targetPos=2
Thu Jul 17 14:23:33 2014: move(axis=STP13, targetPos=2
Thu Jul 17 14:24:19 2014: move(axis=SRV35, targetPos=10
Thu Jul 17 14:33:25 2014: move(axis=SRV35, targetPos=10
Thu Jul 17 14:34:28 2014: move(axis=SRV35, targetPos=15
Thu Jul 17 14:35:18 2014: move(axis=SRV35, targetPos=25
Thu Jul 17 14:39:47 2014: move(axis=SRV35, targetPos=0
Thu Jul 17 14:42:48 2014: move(axis=SRV35, targetPos=35
Thu Jul 17 14:55:08 2014: move(axis=SRV35, targetPos=10
Thu Jul 17 14:55:15 2014: move(axis=SRV35, targetPos=10
Thu Jul 17 14:59:21 2014: move(axis=STP22, targetPos=0
Thu Jul 17 15:00:29 2014: move(axis=STP21, targetPos=17.5
Thu Jul 17 15:01:38 2014: move(axis=STP22, targetPos=150
Thu Jul 17 15:02:43 2014: move(axis=STP22, targetPos=165
Thu Jul 17 15:04:26 2014: move(axis=STP25, targetPos=89
Thu Jul 17 15:08:56 2014: move(axis=STP25, targetPos=-89
Thu Jul 17 15:13:41 2014: move(axis=kf, targetPos=2.615
Thu Jul 17 15:19:56 2014: move(axis=kf, targetPos=2.615
Thu Jul 17 15:28:29 2014: cscan(axis=ath, amplitude=2, step=0.2, time=10)
Thu Jul 17 15:31:52 2014: move(axis=ki, targetPos=2.6149
Thu Jul 17 15:32:27 2014: cscan(axis=ath, amplitude=2, step=0.2, time=15)
     20.99         17         17    35411.0       15.0     102494      0.000      0.000

     21.19         23         23    34918.0       15.0     102495      0.001      0.000

     21.39         17         17    35060.0       15.0     102496      0.000      0.000

     21.59         18         18    35300.0       15.0     102497      0.001      0.000

     21.79         29         29    35050.0       15.0     102498      0.001      0.000

     21.99         12         12    35149.0       15.0     102499      0.000      0.000

     22.19         17         17    35547.0       15.0     102500      0.000      0.000

     22.39         18         18    35009.0       15.0     102501      0.001      0.000

     22.59         16         16    34909.0       15.0     102502      0.000      0.000

     22.79         20         20    35048.0       15.0     102503      0.001      0.000

     22.99         17         17    35130.0       15.0     102504      0.000      0.000

     23.19         22         22    35114.0       15.0     102505      0.001      0.000

     23.39         14         14    34965.0       15.0     102506      0.000      0.000

     23.59         17         17    34670.0       15.0     102507      0.000      0.000

     23.79         27         27    34992.0       15.0     102508      0.001      0.000

     23.99         19         19    35226.0       15.0     102509      0.001      0.000

     24.19         25         25    34951.0       15.0     102510      0.001      0.000

     24.39         25         25    35257.0       15.0     102511      0.001      0.000

     24.59         17         17    35282.0       15.0     102512      0.000      0.000

     24.79         18         18    35065.0       15.0     102513      0.001      0.000

     24.99         14         14    34878.0       15.0     102514      0.000      0.000

Thu Jul 17 15:42:37 2014: move(axis=STP25, targetPos=67
Thu Jul 17 15:43:21 2014: cscan(axis=detang, amplitude=2.5, step=0.1, time=15)
     39.48         20         20    34996.0       15.0     102516      0.001      0.000

     39.58         18         18    35211.0       15.0     102517      0.001      0.000

     39.68         22         22    35282.0       15.0     102518      0.001      0.000

     39.78         16         16    35177.0       15.0     102519      0.000      0.000

     39.88         22         22    35300.0       15.0     102521      0.001      0.000

     39.98         18         18    35140.0       15.0     102522      0.001      0.000

     40.08         14         14    35380.0       15.0     102523      0.000      0.000

     40.18         19         19    34982.0       15.0     102524      0.001      0.000

     40.28         11         11    35006.0       15.0     102526      0.000      0.000

     40.38         18         18    35149.0       15.0     102527      0.001      0.000

     40.48         20         20    35171.0       15.0     102528      0.001      0.000

     40.58         17         17    35197.0       15.0     102529      0.000      0.000

     40.68         25         25    35565.0       15.0     102530      0.001      0.000

     40.78         17         17    35488.0       15.0     102532      0.000      0.000

     40.88         22         22    35661.0       15.0     102533      0.001      0.000

     40.98         17         17    35712.0       15.0     102534      0.000      0.000

     41.08         15         15    35271.0       15.0     102535      0.000      0.000

     41.18         25         25    36537.0       15.0     102537      0.001      0.000

     41.28         17         17    36635.0       15.0     102538      0.000      0.000

     41.38         18         18    35913.0       15.0     102539      0.001      0.000

     41.48         14         14    36525.0       15.0     102540      0.000      0.000

     41.58         20         20    36196.0       15.0     102542      0.001      0.000

     41.68         15         15    36169.0       15.0     102543      0.000      0.000

     41.78         21         21    36549.0       15.0     102544      0.001      0.000

     41.88         14         14    35811.0       15.0     102545      0.000      0.000


Thu Jul 17 16:06:59 2014: scan(axis=detang, start=44.5, step=0.1, end=41.9, time=5)
     44.50          8          8    12047.0        5.0     102548      0.001      0.000

     44.40         10         10    12079.0        5.0     102549      0.001      0.000

     44.30          4          4    12001.0        5.0     102550      0.000      0.000

     44.20          9          9    12095.0        5.0     102551      0.001      0.000

     44.10          6          6    12218.0        5.0     102552      0.000      0.000

     44.00          9          9    11974.0        5.0     102553      0.001      0.000

     43.90          6          6    11924.0        5.0     102554      0.001      0.000

     43.80          6          6    11967.0        5.0     102555      0.001      0.000

     43.70          4          4    12102.0        5.0     102556      0.000      0.000

     43.60          5          5    12018.0        5.0     102557      0.000      0.000

     43.50          5          5    12172.0        5.0     102558      0.000      0.000

     43.40          9          9    12044.0        5.0     102559      0.001      0.000

     43.30          7          7    11857.0        5.0     102560      0.001      0.000

     43.20          5          5    12072.0        5.0     102561      0.000      0.000

     43.10         13         13    12025.0        5.0     102562      0.001      0.000

     43.00         10         10    12027.0        5.0     102563      0.001      0.000

     42.90          3          3    12189.0        5.0     102564      0.000      0.000

     42.80          7          7    12167.0        5.0     102565      0.001      0.000

     42.70          6          6    12035.0        5.0     102566      0.000      0.000

     42.60          6          6    12257.0        5.0     102567      0.000      0.000

     42.50          4          4    12152.0        5.0     102568      0.000      0.000

     42.40          6          6    12125.0        5.0     102569      0.000      0.000

     42.30          9          9    12067.0        5.0     102570      0.001      0.000

     42.20          7          7    12026.0        5.0     102571      0.001      0.000

     42.10          3          3    11967.0        5.0     102572      0.000      0.000

     42.00          6          6    12045.0        5.0     102573      0.000      0.000

     41.90         11         11    12282.0        5.0     102574      0.001      0.000

Thu Jul 17 16:16:38 2014: move(axis=SRV35, targetPos=43.1
Thu Jul 17 16:17:25 2014: cscan(axis=ath, amplitude=1, step=0.2, time=10)
     66.00         18         18    24175.0       10.0     102576      0.001      0.000

     66.20         20         20    24047.0       10.0     102577      0.001      0.000

     66.40         10         10    23894.0       10.0     102578      0.000      0.000

     66.60         12         12    24263.0       10.0     102579      0.000      0.000

     66.80          6          6    24182.0       10.0     102580      0.000      0.000

     67.00         12         12    23993.0       10.0     102581      0.001      0.000

     67.20         24         24    24065.0       10.0     102582      0.001      0.000

     67.40         15         15    24257.0       10.0     102583      0.001      0.000

     67.60          9          9    23997.0       10.0     102584      0.000      0.000

     67.80         15         15    24092.0       10.0     102585      0.001      0.000

     68.00         12         12    24526.0       10.0     102586      0.000      0.000

Thu Jul 17 16:31:45 2014: move(axis=STP25, targetPos=89

Thu Jul 17 16:33:40 2014: scan(axis=ath, start=1, step=0.1, end=2, time=1)

Thu Jul 17 16:37:41 2014: scan(axis=ath, start=1, step=0.1, end=2, time=1)
      1.00          0          0        0.0        1.0     102590      0.000      0.000

      1.10          0          0        0.0        1.0     102591      0.000      0.000

      1.20          0          0        0.0        1.0     102592      0.000      0.000

      1.30          0          0        0.0        1.0     102593      0.000      0.000

Thu Jul 17 16:39:45 2014: move(axis=STP25, targetPos=69
Thu Jul 17 16:40:03 2014: cscan(axis=ath, amplitude=1, step=0.1, time=5)
     68.00         11         11    11519.0        5.0     102596      0.001      0.000

     68.10         14         14    11945.0        5.0     102597      0.001      0.000

     68.20          9          9    11636.0        5.0     102598      0.001      0.000

     68.30         18         18    11481.0        5.0     102599      0.002      0.000

     68.40         19         19    11847.0        5.0     102600      0.002      0.000

     68.50         14         14    11699.0        5.0     102601      0.001      0.000

     68.60         18         18    11808.0        5.0     102602      0.002      0.000

     68.70         14         14    11718.0        5.0     102603      0.001      0.000

     68.80         16         16    11752.0        5.0     102604      0.001      0.000

     68.90         14         14    11697.0        5.0     102605      0.001      0.000

     69.00         22         22    11523.0        5.0     102606      0.002      0.000

     69.10         14         14    11721.0        5.0     102607      0.001      0.000

     69.20         14         14    11780.0        5.0     102608      0.001      0.000

     69.30         13         13    11611.0        5.0     102609      0.001      0.000

     69.40         21         21    11646.0        5.0     102610      0.002      0.000

     69.50         12         12    11810.0        5.0     102611      0.001      0.000

     69.60         18         18    11786.0        5.0     102612      0.002      0.000

     69.70         11         11    11938.0        5.0     102613      0.001      0.000

     69.80         27         27    11738.0        5.0     102614      0.002      0.000

     69.90         14         14    11571.0        5.0     102615      0.001      0.000

     70.00         10         10    10195.0        5.0     102616      0.001      0.000

Thu Jul 17 16:46:34 2014: move(axis=STP25, targetPos=70
Thu Jul 17 16:47:27 2014: move(axis=STP25, targetPos=68
Thu Jul 17 16:48:14 2014: move(axis=STP25, targetPos=69

Thu Jul 17 16:49:18 2014: scan(axis=ath, start=20, step=0.2, end=24, time=5)
     20.00         32         32    11672.0        5.0     102618      0.003      0.000

     20.20         52         52    11782.0        5.0     102619      0.004      0.001

     20.40         35         35    11754.0        5.0     102620      0.003      0.001

     20.60         34         34    11529.0        5.0     102621      0.003      0.001

     20.80         21         21    11614.0        5.0     102622      0.002      0.000

     21.00         20         20    11529.0        5.0     102623      0.002      0.000

     21.20         24         24    11580.0        5.0     102624      0.002      0.000

     21.40         22         22    11729.0        5.0     102625      0.002      0.000

     21.60         24         24    11739.0        5.0     102626      0.002      0.000

     21.80         30         30    11754.0        5.0     102627      0.003      0.000

     22.00         13         13    11708.0        5.0     102628      0.001      0.000

     22.20         13         13    11640.0        5.0     102629      0.001      0.000

     22.40         19         19    11723.0        5.0     102630      0.002      0.000

     22.60         22         22    11594.0        5.0     102631      0.002      0.000

     22.60         19         19    11811.0        5.0     102632      0.002      0.000

     23.00         15         15    11550.0        5.0     102633      0.001      0.000

     23.20         20         20    11746.0        5.0     102634      0.002      0.000


Thu Jul 17 16:54:07 2014: scan(axis=ath, start=18.5, step=0.2, end=22, time=15)
     18.50         66         66    35111.0       15.0     102636      0.002      0.000

     18.70         56         56    35008.0       15.0     102637      0.002      0.000

     18.90         59         59    35147.0       15.0     102638      0.002      0.000

     19.10         58         58    34844.0       15.0     102639      0.002      0.000

     19.30         49         49    34861.0       15.0     102640      0.001      0.000

     19.50         54         54    34975.0       15.0     102641      0.002      0.000

     19.70         78         78    35121.0       15.0     102642      0.002      0.000

     19.90         80         80    34810.0       15.0     102643      0.002      0.000

     20.10        103        103    34805.0       15.0     102644      0.003      0.000

     20.30        105        105    34788.0       15.0     102645      0.003      0.000

     20.50        114        114    34843.0       15.0     102646      0.003      0.000

     20.70        109        109    35223.0       15.0     102647      0.003      0.000

     20.90         66         66    35062.0       15.0     102648      0.002      0.000

     21.10         83         83    35582.0       15.0     102649      0.002      0.000

     21.30         58         58    35128.0       15.0     102650      0.002      0.000

     21.50         76         76    35134.0       15.0     102651      0.002      0.000

     21.70         69         69    35131.0       15.0     102652      0.002      0.000

     21.90         59         59    35030.0       15.0     102653      0.002      0.000

Thu Jul 17 17:02:33 2014: move(axis=STP25, targetPos=69.6
Thu Jul 17 17:17:18 2014: cscan(axis=angL, amplitude=2.1, step=0.3, time=15)
     -2.10         97         97    35282.0       15.0     102659      0.003      0.000

     -1.80         87         87    35126.0       15.0     102660      0.002      0.000

     -1.50        100        100    34875.0       15.0     102661      0.003      0.000

     -1.20         87         87    34943.0       15.0     102662      0.002      0.000

     -0.90        107        107    35289.0       15.0     102663      0.003      0.000

     -0.60        101        101    35576.0       15.0     102664      0.003      0.000

     -0.30        106        106    35105.0       15.0     102665      0.003      0.000

      0.00          3          3       16.0       15.0     102666      0.188      0.118

      0.30          3          3       15.0       15.0     102667      0.200      0.126

      0.60          5          5        8.0       15.0     102668      0.625      0.356

      0.90         10         10        5.0       15.0     102669      2.000      1.095

      1.20          3          3        9.0       15.0     102670      0.333      0.222

      1.50          6          6        7.0       15.0     102671      0.857      0.477

      1.50         85         85     6127.0       15.0     102672      0.014      0.002

Thu Jul 17 17:23:48 2014: move(axis=STP27, targetPos=0

Thu Jul 17 17:24:43 2014: scan(axis=ath, start=19, step=0.2, end=21, time=5)
     19.00         75         75    11512.0        5.0     102675      0.007      0.001

     19.20         99         99    11577.0        5.0     102676      0.009      0.001

     19.40        127        127    11725.0        5.0     102677      0.011      0.001

     19.60        139        139    11533.0        5.0     102678      0.012      0.001

     19.80        133        133    11662.0        5.0     102679      0.011      0.001

     20.00        124        124    11550.0        5.0     102680      0.011      0.001

     20.20        157        157    11379.0        5.0     102681      0.014      0.001

     20.40        127        127    11592.0        5.0     102682      0.011      0.001

     20.60        140        140    11700.0        5.0     102683      0.012      0.001

     20.80        136        136    11707.0        5.0     102684      0.012      0.001

     21.00        139        139    11560.0        5.0     102685      0.012      0.001

Thu Jul 17 17:30:28 2014: move(axis=SRV35, targetPos=0
Thu Jul 17 17:35:26 2014: move(axis=SRV35, targetPos=15
Thu Jul 17 17:36:48 2014: move(axis=SRV35, targetPos=17
Thu Jul 17 17:39:23 2014: move(axis=STP25, targetPos=90
Thu Jul 17 17:39:35 2014: move(axis=SRV35, targetPos=0
Thu Jul 17 17:43:02 2014: move(axis=STP23, targetPos=-20
Thu Jul 17 17:43:29 2014: move(axis=STP23, targetPos=-20
Thu Jul 17 17:44:21 2014: move(axis=STP23, targetPos=0
Thu Jul 17 17:44:38 2014: move(axis=STP24, targetPos=20
Thu Jul 17 17:45:14 2014: move(axis=STP24, targetPos=-20
Thu Jul 17 18:17:36 2014: move(axis=STP24, targetPos=-12.5
Thu Jul 17 18:17:51 2014: move(axis=STP24, targetPos=-12.5
Thu Jul 17 18:22:35 2014: move(axis=STP23, targetPos=0
Thu Jul 17 18:24:25 2014: move(axis=STP24, targetPos=0
Thu Jul 17 18:24:50 2014: move(axis=STP24, targetPos=-12.5
Thu Jul 17 18:33:29 2014: move(axis=STP24, targetPos=0
Thu Jul 17 18:33:51 2014: move(axis=STP25, targetPos=70
Thu Jul 17 18:34:40 2014: move(axis=STP25, targetPos=69.5
Thu Jul 17 18:35:08 2014: move(axis=STP25, targetPos=69
Thu Jul 17 18:35:39 2014: move(axis=STP25, targetPos=68.5
Thu Jul 17 18:37:37 2014: move(axis=SRV35, targetPos=42

Thu Jul 17 18:42:20 2014: scan(axis=ath, start=20, step=0.3, end=23, time=20)
     20.00         97         97    46607.0       20.0     102699      0.002      0.000

     20.30         92         92    46391.0       20.0     102700      0.002      0.000

     20.60        107        107    46726.0       20.0     102701      0.002      0.000

     20.90        100        100    46734.0       20.0     102702      0.002      0.000

     21.20        133        133    46810.0       20.0     102703      0.003      0.000

     21.50        170        170    47099.0       20.0     102704      0.004      0.000

     21.80        127        127    47032.0       20.0     102705      0.003      0.000

     22.10        115        115    47195.0       20.0     102706      0.002      0.000

     22.40        124        124    47007.0       20.0     102707      0.003      0.000

     22.70        103        103    46878.0       20.0     102708      0.002      0.000

     23.00         94         94    46851.0       20.0     102709      0.002      0.000

Thu Jul 17 18:51:15 2014: move(axis=STP25, targetPos=68.5

Thu Jul 17 18:54:23 2014: scan(axis=angL, start=-6, step=1, end=6, time=10)
     -6.00         64         64    23334.0       10.0     102711      0.003      0.000

     -5.00         88         88    23023.0       10.0     102712      0.004      0.000

     -4.00         84         84    23361.0       10.0     102713      0.004      0.000

     -3.00         68         68    23220.0       10.0     102714      0.003      0.000

     -2.00         80         80    23112.0       10.0     102715      0.003      0.000

     -1.00         72         72    23044.0       10.0     102716      0.003      0.000

      0.00         66         66    23575.0       10.0     102717      0.003      0.000

      1.00         78         78    23287.0       10.0     102718      0.003      0.000

      2.00         73         73    23248.0       10.0     102719      0.003      0.000

      3.00         76         76    23498.0       10.0     102720      0.003      0.000

Thu Jul 17 18:58:14 2014: move(axis=STP27, targetPos=-10

Thu Jul 17 18:58:52 2014: scan(axis=angL, start=-10, step=1, end=10, time=60)
    -10.00        362        362   140660.0       60.0     102721      0.003      0.000

     -9.00        390        390   140816.0       60.0     102722      0.003      0.000

     -8.00        365        365   140901.0       60.0     102723      0.003      0.000

     -7.00        400        400   141018.0       60.0     102724      0.003      0.000

     -6.00        414        414   141294.0       60.0     102725      0.003      0.000

     -5.00        459        459   141577.0       60.0     102726      0.003      0.000

     -4.00        473        473   142360.0       60.0     102727      0.003      0.000

     -3.00        451        451   141715.0       60.0     102728      0.003      0.000

     -2.00        454        454   141860.0       60.0     102729      0.003      0.000

     -1.00        465        465   141363.0       60.0     102730      0.003      0.000

      0.00        481        481   141689.0       60.0     102731      0.003      0.000

      1.00        473        473   141833.0       60.0     102732      0.003      0.000

      2.00        468        468   140765.0       60.0     102733      0.003      0.000

      3.00        481        481   141907.0       60.0     102734      0.003      0.000

      4.00        426        426   141117.0       60.0     102735      0.003      0.000

      5.00        421        421   141610.0       60.0     102736      0.003      0.000

      6.00        446        446   141134.0       60.0     102737      0.003      0.000

      7.00        436        436   141486.0       60.0     102738      0.003      0.000

      8.00        376        376   141509.0       60.0     102739      0.003      0.000

      9.00        364        364   141831.0       60.0     102741      0.003      0.000

     10.00        377        377   141617.0       60.0     102742      0.003      0.000

Thu Jul 17 19:25:49 2014: move(axis=STP27, targetPos=0
Thu Jul 17 19:26:12 2014: move(axis=STP26, targetPos=10
Thu Jul 17 19:29:37 2014: move(axis=STP26, targetPos=0

Thu Jul 17 19:36:17 2014: scan(axis=ath, start=20, step=0.2, end=24, time=15)
     20.00         98         98    35546.0       15.0     102745      0.003      0.000

     20.20         93         93    35269.0       15.0     102746      0.003      0.000

     20.40         85         85    35657.0       15.0     102747      0.002      0.000

     20.60        113        113    35342.0       15.0     102748      0.003      0.000

     20.80        128        128    35595.0       15.0     102749      0.004      0.000

     21.00        126        126    35338.0       15.0     102750      0.004      0.000

     21.20        139        139    35315.0       15.0     102751      0.004      0.000

     21.40        181        181    35516.0       15.0     102752      0.005      0.000

     21.60        178        178    35454.0       15.0     102753      0.005      0.000

     21.80        155        155    35515.0       15.0     102754      0.004      0.000

     22.00        132        132    35520.0       15.0     102755      0.004      0.000

     22.20        125        125    35853.0       15.0     102756      0.003      0.000

     22.40         94         94    35641.0       15.0     102757      0.003      0.000

     22.60         94         94    35747.0       15.0     102758      0.003      0.000

     22.80         89         89    35698.0       15.0     102759      0.002      0.000

     23.00        104        104    35504.0       15.0     102760      0.003      0.000

     23.20         92         92    35810.0       15.0     102761      0.003      0.000

     23.40         99         99    35065.0       15.0     102762      0.003      0.000

     23.60        105        105    35619.0       15.0     102763      0.003      0.000

     23.80         80         80    35397.0       15.0     102764      0.002      0.000

     24.00         87         87    35230.0       15.0     102765      0.002      0.000

Thu Jul 17 19:48:08 2014: move(axis=STP25, targetPos=68.48

Thu Jul 17 21:24:35 2014: scan(axis=detang, start=43, step=0.1, end=41, time=20)
     43.00        372         74    47915.0       20.0     102773      0.002      0.000

     42.90        365         79    47746.0       20.0     102774      0.002      0.000

     42.80        364         73    47646.0       20.0     102776      0.002      0.000

     42.70        393        102    47225.0       20.0     102777      0.002      0.000

     42.60        370         88    47856.0       20.0     102778      0.002      0.000

     42.50        371         86    47667.0       20.0     102779      0.002      0.000

     42.40        375         83    47906.0       20.0     102780      0.002      0.000


Thu Jul 17 21:29:49 2014: scan(axis=detang, start=45, step=0.3, end=39, time=20)
     45.00        343         85    47472.0       20.0     102782      0.002      0.000

     44.70        349         84    47348.0       20.0     102783      0.002      0.000

     44.40        357         96    46978.0       20.0     102784      0.002      0.000

     44.10        385         98    47988.0       20.0     102785      0.002      0.000

     43.80        367         80    47704.0       20.0     102786      0.002      0.000

     43.50        331         88    47457.0       20.0     102787      0.002      0.000


Thu Jul 17 21:36:42 2014: scan(axis=detang, start=45, step=0.3, end=39, time=20)
     45.00        362         41    47649.0       20.0     102790      0.001      0.000

     44.70        353         51    47802.0       20.0     102791      0.001      0.000

     44.40        373         59    47413.0       20.0     102792      0.001      0.000

     44.10        340         75    47412.0       20.0     102793      0.002      0.000

     43.80        375        121    47494.0       20.0     102794      0.003      0.000

     43.50        326        153    47691.0       20.0     102795      0.003      0.000

     43.20        372        189    48207.0       20.0     102796      0.004      0.000

     42.90        365        223    47637.0       20.0     102797      0.005      0.000

     42.60        349        222    47681.0       20.0     102798      0.005      0.000

     42.30        372        251    47856.0       20.0     102799      0.005      0.000

     42.00        360        252    47755.0       20.0     102800      0.005      0.000

     41.70        391        266    47873.0       20.0     102801      0.006      0.000

     41.40        335        222    47951.0       20.0     102802      0.005      0.000

     41.10        357        217    47940.0       20.0     102803      0.005      0.000

     40.80        396        234    47742.0       20.0     102804      0.005      0.000

     40.50        381        189    47582.0       20.0     102805      0.004      0.000

     40.20        375        141    47690.0       20.0     102806      0.003      0.000

     39.90        380        105    47616.0       20.0     102807      0.002      0.000

     39.60        339         49    48187.0       20.0     102808      0.001      0.000

     39.30        392         48    47840.0       20.0     102809      0.001      0.000

     39.00        387         49    47450.0       20.0     102810      0.001      0.000

Thu Jul 17 21:51:37 2014: move(axis=SRV35, targetPos=41.91

Thu Jul 17 21:53:10 2014: scan(axis=ath, start=20.2, step=0.2, end=22.8, time=20)
     20.20        169         32    48183.0       20.0     102812      0.001      0.000

     20.40        172         44    48393.0       20.0     102813      0.001      0.000

     20.60        210         60    47886.0       20.0     102814      0.001      0.000

     20.80        191         86    47910.0       20.0     102815      0.002      0.000

     21.00        207        115    47547.0       20.0     102816      0.002      0.000

     21.20        294        181    48011.0       20.0     102817      0.004      0.000

     21.40        361        245    47528.0       20.0     102818      0.005      0.000

     21.60        370        272    47692.0       20.0     102819      0.006      0.000

     21.80        292        178    47879.0       20.0     102820      0.004      0.000

     22.00        244        125    48016.0       20.0     102821      0.003      0.000

     22.20        234        104    48226.0       20.0     102822      0.002      0.000

     22.40        186         58    47568.0       20.0     102823      0.001      0.000

     22.60        179         52    48041.0       20.0     102824      0.001      0.000

     22.80        181         42    47761.0       20.0     102825      0.001      0.000

Thu Jul 17 22:05:01 2014: move(axis=STP25, targetPos=68.48

Thu Jul 17 22:24:27 2014: scan(axis=Ef, start=13.6, step=0.05, end=14.5, time=20)
     14.16        346        230    48266.0       20.0     102827      0.005      0.000      20.99      41.98       2.00    -101.04      21.00      42.89       0.00       0.00

     14.21        340        229    48043.0       20.0     102828      0.005      0.000      20.99      41.98       2.00    -101.04      20.95      42.81       0.00       0.00

     14.27        346        218    47971.0       20.0     102829      0.005      0.000      20.99      41.98       2.00    -101.04      20.91      42.73       0.00       0.00

     14.32        333        208    47865.0       20.0     102830      0.004      0.000      20.99      41.98       2.00    -101.04      20.87      42.65       0.00       0.00


Thu Jul 17 22:28:11 2014: scan(axis=Ef, start=14.5, step=0.05, end=13.6, time=20)
     15.12        204         85    47956.0       20.0     102832      0.002      0.000      20.99      41.98       2.00    -101.04      20.29      41.48       0.00       0.00

     15.07        217        106    47673.0       20.0     102833      0.002      0.000      20.99      41.98       2.00    -101.04      20.33      41.55       0.00       0.00

     15.02        213         83    48440.0       20.0     102834      0.002      0.000      20.99      41.98       2.00    -101.04      20.36      41.63       0.00       0.00

     14.96        212         85    48260.0       20.0     102835      0.002      0.000      20.99      41.98       2.00    -101.04      20.40      41.70       0.00       0.00

Thu Jul 17 22:33:52 2014: move(axis=STP25, targetPos=68.48
Thu Jul 17 22:34:07 2014: move(axis=SRV35, targetPos=41.91
Thu Jul 17 22:35:52 2014: move(axis=STP25, targetPos=67.93
Thu Jul 17 22:37:57 2014: move(axis=STP25, targetPos=68.48
Thu Jul 17 22:38:42 2014: move(axis=STP25, targetPos=67.93
Thu Jul 17 22:39:12 2014: move(axis=SRV35, targetPos=43.14

Thu Jul 17 22:40:45 2014: scan(axis=Ef, start=14.7, step=0.1, end=13.7, time=20)
     14.70        259        147    47958.0       20.0     102838      0.003      0.000      20.99      41.98       2.00    -101.04      20.59      41.18       0.00       0.00

     14.60        292        164    48405.0       20.0     102839      0.003      0.000      20.99      41.98       2.00    -101.04      20.66      41.33       0.00       0.00

     14.50        279        160    47573.0       20.0     102840      0.003      0.000      20.99      41.98       2.00    -101.04      20.74      41.48       0.00       0.00

     14.40        278        181    47599.0       20.0     102841      0.004      0.000      20.99      41.98       2.00    -101.04      20.81      41.63       0.00       0.00

     14.30        332        218    48083.0       20.0     102842      0.005      0.000      20.99      41.98       2.00    -101.04      20.89      41.78       0.00       0.00

     14.20        360        244    47973.0       20.0     102843      0.005      0.000      20.99      41.98       2.00    -101.04      20.97      41.93       0.00       0.00

     14.10        360        254    48591.0       20.0     102844      0.005      0.000      20.99      41.98       2.00    -101.04      21.05      42.09       0.00       0.00

     14.00        358        242    47464.0       20.0     102845      0.005      0.000      20.99      41.98       2.00    -101.04      21.12      42.25       0.00       0.00

     13.90        357        236    47820.0       20.0     102846      0.005      0.000      20.99      41.98       2.00    -101.04      21.20      42.40       0.00       0.00

     13.80        335        218    48190.0       20.0     102847      0.005      0.000      20.99      41.98       2.00    -101.04      21.28      42.56       0.00       0.00

     13.70        343        207    48060.0       20.0     102849      0.004      0.000      20.99      41.98       2.00    -101.04      21.36      42.73       0.00       0.00

Thu Jul 17 22:56:15 2014: move(axis=STP25, targetPos=68.48
Thu Jul 17 23:00:57 2014: move(axis=STP25, targetPos=68.955
Thu Jul 17 23:01:12 2014: move(axis=SRV35, targetPos=42.089

Thu Jul 17 23:33:43 2014: scan(axis=Ef, start=14.9, step=0.1, end=13.5, time=60)
     14.90        167         56   142923.0       60.0     102870      0.000      0.000      20.99      41.98       2.00    -101.04      20.44      40.89       0.00       0.00

     14.80        165         57   142729.0       60.0     102871      0.000      0.000      20.99      41.98       2.00    -101.04      20.52      41.03       0.00       0.00

     14.70        145         57   143839.0       60.0     102873      0.000      0.000      20.99      41.98       2.00    -101.04      20.59      41.18       0.00       0.00

     14.60        180         59   143591.0       60.0     102874      0.000      0.000      20.99      41.98       2.00    -101.04      20.66      41.33       0.00       0.00

     14.50        186         67   142749.0       60.0     102876      0.000      0.000      20.99      41.98       2.00    -101.04      20.74      41.48       0.00       0.00

     14.40        199         91   143866.0       60.0     102877      0.001      0.000      20.99      41.98       2.00    -101.04      20.81      41.63       0.00       0.00

     14.30        270        144   144215.0       60.0     102879      0.001      0.000      20.99      41.98       2.00    -101.04      20.89      41.78       0.00       0.00

     14.20        306        181   143606.0       60.0     102880      0.001      0.000      20.99      41.98       2.00    -101.04      20.97      41.93       0.00       0.00

     14.10        323        201   144146.0       60.0     102882      0.001      0.000      20.99      41.98       2.00    -101.04      21.05      42.09       0.00       0.00

     14.00        254        141   143219.0       60.0     102883      0.001      0.000      20.99      41.98       2.00    -101.04      21.12      42.25       0.00       0.00

     13.90        222        110   143227.0       60.0     102885      0.001      0.000      20.99      41.98       2.00    -101.04      21.20      42.40       0.00       0.00

     13.80        239        118   143100.0       60.0     102886      0.001      0.000      20.99      41.98       2.00    -101.04      21.28      42.40       0.00       0.00

     13.70        191         75   143380.0       60.0     102887      0.001      0.000      20.99      41.98       2.00    -101.04      21.36      42.73       0.00       0.00

     13.60        169         51   143640.0       60.0     102888      0.000      0.000      20.99      41.98       2.00    -101.04      21.45      42.89       0.00       0.00

     13.50        176         64   143102.0       60.0     102890      0.000      0.000      20.99      41.98       2.00    -101.04      21.53      43.06       0.00       0.00

