Mon Jul  7 14:11:05 2014: off
-40 400 2000 1000.0 10001 0.200000 0.010954

-40.1 400 2000 1000.0 10002 0.200000 0.010954

-40.2 400 2000 1000.0 10003 0.200000 0.010954

-40.3 400 2000 1000.0 10004 0.200000 0.010954

-40.4 400 2000 1000.0 10005 0.200000 0.010954

Mon Jul  7 14:30:54 2014: scan(axis=STP13, start=-43, step=0.1, end=-43.5, time=2)

-43 800 4000 2000.0 10001 0.200000 0.007746

-43.1 800 4000 2000.0 10002 0.200000 0.007746

-43.2 800 4000 2000.0 10003 0.200000 0.007746

-43.3 800 4000 2000.0 10004 0.200000 0.007746

-43.4 800 4000 2000.0 10005 0.200000 0.007746

Mon Jul  7 14:33:15 2014: scan(axis=om, start=-43, step=0.1, end=-43.6, time=2)

-43 800 4000 2000.0 10001 0.200000 0.007746

-43.1 800 4000 2000.0 10002 0.200000 0.007746

-43.2 800 4000 2000.0 10003 0.200000 0.007746

-43.3 800 4000 2000.0 10004 0.200000 0.007746

-43.4 800 4000 2000.0 10005 0.200000 0.007746

-43.5 800 4000 2000.0 10006 0.200000 0.007746

Mon Jul  7 14:35:30 2014: scan(axis=om, start=-43, step=0.2, end=-44, time=2)

-43 800 4000 2000.0 10001 0.200000 0.007746

-43.2 800 4000 2000.0 10002 0.200000 0.007746

-43.4 800 4000 2000.0 10003 0.200000 0.007746

-43.6 800 4000 2000.0 10004 0.200000 0.007746

-43.8 800 4000 2000.0 10005 0.200000 0.007746

Mon Jul  7 14:46:06 2014: cscan(axis=STP13, amplitude=1, step=0.2, time=2)

-44.8 800 4000 2000.0 10001 0.200000 0.007746

-44.6 800 4000 2000.0 10002 0.200000 0.007746

-44.4 800 4000 2000.0 10003 0.200000 0.007746

-44.2 800 4000 2000.0 10004 0.200000 0.007746

-44.0 800 4000 2000.0 10005 0.200000 0.007746

-43.8 800 4000 2000.0 10006 0.200000 0.007746

-43.6 800 4000 2000.0 10007 0.200000 0.007746

-43.4 800 4000 2000.0 10008 0.200000 0.007746

-43.2 800 4000 2000.0 10009 0.200000 0.007746

-43.0 800 4000 2000.0 10010 0.200000 0.007746

Mon Jul  7 14:51:08 2014: cscan(axis=om, amplitude=1, step=0.2, time=2)
-44.0 800 4000 2000.0 10001 0.200000 0.007746

-43.8 800 4000 2000.0 10002 0.200000 0.007746

-43.6 800 4000 2000.0 10003 0.200000 0.007746

-43.4 800 4000 2000.0 10004 0.200000 0.007746

-43.2 800 4000 2000.0 10005 0.200000 0.007746

-43.0 800 4000 2000.0 10006 0.200000 0.007746

-42.8 800 4000 2000.0 10007 0.200000 0.007746

-42.6 800 4000 2000.0 10008 0.200000 0.007746

-42.4 800 4000 2000.0 10009 0.200000 0.007746

-42.2 800 4000 2000.0 10010 0.200000 0.007746

Mon Jul  7 14:53:16 2014: cscan(axis=om, amplitude=1, step=0.2, time=3)
-43.2 1200 6000 3000.0 10001 0.200000 0.006325

-43.0 1200 6000 3000.0 10002 0.200000 0.006325

-42.8 1200 6000 3000.0 10003 0.200000 0.006325

-42.6 1200 6000 3000.0 10004 0.200000 0.006325

-42.4 1200 6000 3000.0 10005 0.200000 0.006325

-42.2 1200 6000 3000.0 10006 0.200000 0.006325

-42.0 1200 6000 3000.0 10007 0.200000 0.006325

-41.8 1200 6000 3000.0 10008 0.200000 0.006325

-41.6 1200 6000 3000.0 10009 0.200000 0.006325

-41.4 1200 6000 3000.0 10010 0.200000 0.006325

Mon Jul  7 15:33:44 2014: scan(axis=om, start=41, step=0.1, end=41.5, time=2)

41 800 4000 2000.0 10001 0.200000 0.007746

41.1 800 4000 2000.0 10002 0.200000 0.007746

41.2 800 4000 2000.0 10003 0.200000 0.007746

41.3 800 4000 2000.0 10004 0.200000 0.007746

41.4 800 4000 2000.0 10005 0.200000 0.007746

Mon Jul  7 15:58:44 2014: scan(axis=om, start=41, step=0.1, end=42, time=4)

41 1600 8000 4000.0 10001 0.200000 0.005477

41.1 1600 8000 4000.0 10002 0.200000 0.005477

41.2 1600 8000 4000.0 10003 0.200000 0.005477

41.3 1600 8000 4000.0 10004 0.200000 0.005477

41.4 1600 8000 4000.0 10005 0.200000 0.005477

41.5 1600 8000 4000.0 10006 0.200000 0.005477

41.6 1600 8000 4000.0 10007 0.200000 0.005477

41.7 1600 8000 4000.0 10008 0.200000 0.005477

41.8 1600 8000 4000.0 10009 0.200000 0.005477

41.9 1600 8000 4000.0 10010 0.200000 0.005477

Mon Jul  7 16:06:02 2014: scan(axis=om, start=41, step=0.1, end=42, time=3)

41 1200 6000 3000.0 10001 0.200000 0.006325

41.1 1200 6000 3000.0 10002 0.200000 0.006325

41.2 1200 6000 3000.0 10003 0.200000 0.006325

41.3 1200 6000 3000.0 10004 0.200000 0.006325

41.4 1200 6000 3000.0 10005 0.200000 0.006325

41.5 1200 6000 3000.0 10006 0.200000 0.006325

41.6 1200 6000 3000.0 10007 0.200000 0.006325

41.7 1200 6000 3000.0 10008 0.200000 0.006325

41.8 1200 6000 3000.0 10009 0.200000 0.006325

41.9 1200 6000 3000.0 10010 0.200000 0.006325

Mon Jul  7 16:18:36 2014: scan(axis=om, start=41, step=0.1, end=42, time=2)

41 800 4000 2000.0 10001 0.200000 0.007746

41.1 800 4000 2000.0 10002 0.200000 0.007746

41.2 800 4000 2000.0 10003 0.200000 0.007746

41.3 800 4000 2000.0 10004 0.200000 0.007746

41.4 800 4000 2000.0 10005 0.200000 0.007746

41.5 800 4000 2000.0 10006 0.200000 0.007746

41.6 800 4000 2000.0 10007 0.200000 0.007746

41.7 800 4000 2000.0 10008 0.200000 0.007746

41.8 800 4000 2000.0 10009 0.200000 0.007746

41.9 800 4000 2000.0 10010 0.200000 0.007746

Mon Jul  7 16:46:40 2014: scan(axis=om, start=41, step=0.1, end=42, time=2)

41 800 4000 2000.0 10001 0.200000 0.007746

41.1 800 4000 2000.0 10002 0.200000 0.007746

41.2 800 4000 2000.0 10003 0.200000 0.007746

41.3 800 4000 2000.0 10004 0.200000 0.007746

41.4 800 4000 2000.0 10005 0.200000 0.007746

41.5 800 4000 2000.0 10006 0.200000 0.007746

41.6 800 4000 2000.0 10007 0.200000 0.007746

41.7 800 4000 2000.0 10008 0.200000 0.007746

41.8 800 4000 2000.0 10009 0.200000 0.007746

41.9 800 4000 2000.0 10010 0.200000 0.007746

Mon Jul  7 16:55:35 2014: scan(axis=om, start=41, step=0.1, end=42, time=1)

41 400 2000 1000.0 10001 0.200000 0.010954

41.1 400 2000 1000.0 10002 0.200000 0.010954

41.2 400 2000 1000.0 10003 0.200000 0.010954

41.3 400 2000 1000.0 10004 0.200000 0.010954

41.4 400 2000 1000.0 10005 0.200000 0.010954

41.5 400 2000 1000.0 10006 0.200000 0.010954

41.6 400 2000 1000.0 10007 0.200000 0.010954

41.7 400 2000 1000.0 10008 0.200000 0.010954

41.8 400 2000 1000.0 10009 0.200000 0.010954

41.9 400 2000 1000.0 10010 0.200000 0.010954

Mon Jul  7 17:02:31 2014: scan(axis=om, start=41, step=0.1, end=42, time=1)

41 400 2000 1000.0 10001 0.200000 0.010954

41.1 400 2000 1000.0 10002 0.200000 0.010954

41.2 400 2000 1000.0 10003 0.200000 0.010954

41.3 400 2000 1000.0 10004 0.200000 0.010954

41.4 400 2000 1000.0 10005 0.200000 0.010954

41.5 400 2000 1000.0 10006 0.200000 0.010954

41.6 400 2000 1000.0 10007 0.200000 0.010954

41.7 400 2000 1000.0 10008 0.200000 0.010954

41.8 400 2000 1000.0 10009 0.200000 0.010954

41.9 400 2000 1000.0 10010 0.200000 0.010954

Mon Jul  7 17:08:38 2014: scan(axis=om, start=41, step=0.1, end=42, time=2)

41 800 4000 2000.0 10011 0.200000 0.007746

41.1 800 4000 2000.0 10012 0.200000 0.007746

41.2 800 4000 2000.0 10013 0.200000 0.007746

41.3 800 4000 2000.0 10014 0.200000 0.007746

41.4 800 4000 2000.0 10015 0.200000 0.007746

41.5 800 4000 2000.0 10016 0.200000 0.007746

41.6 800 4000 2000.0 10017 0.200000 0.007746

41.7 800 4000 2000.0 10018 0.200000 0.007746

41.8 800 4000 2000.0 10019 0.200000 0.007746

41.9 800 4000 2000.0 10020 0.200000 0.007746

Mon Jul  7 17:15:38 2014: scan(axis=om, start=41, step=0.1, end=42, time=2)

     41.00        800       4000     2000.0      10001      0.200      0.008

     41.10        800       4000     2000.0      10002      0.200      0.008

     41.20        800       4000     2000.0      10003      0.200      0.008

     41.30        800       4000     2000.0      10004      0.200      0.008

     41.40        800       4000     2000.0      10005      0.200      0.008

     41.50        800       4000     2000.0      10006      0.200      0.008

     41.60        800       4000     2000.0      10007      0.200      0.008

     41.70        800       4000     2000.0      10008      0.200      0.008

     41.80        800       4000     2000.0      10009      0.200      0.008

     41.90        800       4000     2000.0      10010      0.200      0.008

Mon Jul  7 17:18:21 2014: scan(axis=om, start=41, step=0.2, end=42, time=4)

     41.00       1600       8000     4000.0      10001      0.200      0.005

     41.20       1600       8000     4000.0      10002      0.200      0.005

     41.40       1600       8000     4000.0      10003      0.200      0.005

     41.60       1600       8000     4000.0      10004      0.200      0.005

     41.80       1600       8000     4000.0      10005      0.200      0.005

Mon Jul  7 17:21:50 2014: scan(axis=om, start=41, step=0.1, end=42, time=2)

     41.00        800       4000     2000.0      10001      0.200      0.008

     41.10        800       4000     2000.0      10002      0.200      0.008

     41.20        800       4000     2000.0      10003      0.200      0.008

     41.30        800       4000     2000.0      10004      0.200      0.008

     41.40        800       4000     2000.0      10005      0.200      0.008

     41.50        800       4000     2000.0      10006      0.200      0.008

     41.60        800       4000     2000.0      10007      0.200      0.008

     41.70        800       4000     2000.0      10008      0.200      0.008

     41.80        800       4000     2000.0      10009      0.200      0.008

     41.90        800       4000     2000.0      10010      0.200      0.008

Mon Jul  7 17:23:08 2014: scan(axis=om, start=41, step=0.1, end=42, time=1)

     41.00        400       2000     1000.0      10001      0.200      0.011

     41.10        400       2000     1000.0      10002      0.200      0.011

     41.20        400       2000     1000.0      10003      0.200      0.011

     41.30        400       2000     1000.0      10004      0.200      0.011

     41.40        400       2000     1000.0      10005      0.200      0.011

     41.50        400       2000     1000.0      10006      0.200      0.011

     41.60        400       2000     1000.0      10007      0.200      0.011

     41.70        400       2000     1000.0      10008      0.200      0.011

     41.80        400       2000     1000.0      10009      0.200      0.011

     41.90        400       2000     1000.0      10010      0.200      0.011

Mon Jul  7 17:25:57 2014: scan(axis=om, start=41, step=0.1, end=40, time=1)

     41.00        400       2000     1000.0      10001      0.200      0.011

     40.90        400       2000     1000.0      10002      0.200      0.011

     40.80        400       2000     1000.0      10003      0.200      0.011

     40.70        400       2000     1000.0      10004      0.200      0.011

     40.60        400       2000     1000.0      10005      0.200      0.011

     40.50        400       2000     1000.0      10006      0.200      0.011

     40.40        400       2000     1000.0      10007      0.200      0.011

     40.30        400       2000     1000.0      10008      0.200      0.011

     40.20        400       2000     1000.0      10009      0.200      0.011

     40.10        400       2000     1000.0      10010      0.200      0.011

Mon Jul  7 17:27:28 2014: scan(axis=om, start=40, step=0.1, end=40.5, time=1)

     40.00        400       2000     1000.0      10001      0.200      0.011

     40.10        400       2000     1000.0      10002      0.200      0.011

     40.20        400       2000     1000.0      10003      0.200      0.011

     40.30        400       2000     1000.0      10004      0.200      0.011

     40.40        400       2000     1000.0      10005      0.200      0.011

