
Sun Jul 20 01:49:05 2014: schkl(start=[0, 0, 1.9, 4.5], step=[0, 0, 0, 0.1], np=41, time=180)

Sun Jul 20 04:41:07 2014: schkl(start=[0.1, 0.1, 2.1, 3.3], step=[0, 0, 0, 0.1], np=41, time=180)

Sun Jul 20 07:20:35 2014: schkl(start=[-0.1, -0.1, 1.9, 3.3], step=[0, 0, 0, 0.1], np=41, time=180)
Sun Jul 20 09:36:54 2014: move(axis=STP15, targetPos=0
Sun Jul 20 09:37:24 2014: move(axis=STP14, targetPos=0
Sun Jul 20 09:45:29 2014: move(axis=STP15, targetPos=5
Sun Jul 20 09:46:23 2014: move(axis=STP15, targetPos=-3
Sun Jul 20 09:47:20 2014: move(axis=STP14, targetPos=0
Sun Jul 20 09:53:04 2014: move(axis=STP14, targetPos=0
Sun Jul 20 09:53:11 2014: move(axis=STP15, targetPos=0
Sun Jul 20 09:53:38 2014: move(axis=SRV35, targetPos=0
Sun Jul 20 09:57:32 2014: move(axis=STP25, targetPos=90
Sun Jul 20 09:59:42 2014: cscan(axis=monok, amplitude=1.2, step=0.2, time=10)
     19.76        443        309     5796.0       10.0     107223      0.053      0.003

     19.96        757        506    10666.0       10.0     107224      0.047      0.002

     20.16       1474       1053    20252.0       10.0     107225      0.052      0.002

     20.36       3118       2155    35597.0       10.0     107226      0.061      0.001

     20.56       6210       4343    55079.0       10.0     107227      0.079      0.001

     20.76      10066       7102    70137.0       10.0     107228      0.101      0.001

     20.96      12388       8732    72284.0       10.0     107229      0.121      0.001

     21.16      10367       7238    59724.0       10.0     107230      0.121      0.002

     21.36       6085       4187    39556.0       10.0     107231      0.106      0.002

     21.56       2872       1975    21647.0       10.0     107232      0.091      0.002

     21.76       1365        909    11146.0       10.0     107233      0.082      0.003

     21.96        727        502     5996.0       10.0     107234      0.084      0.004

     22.16        422        290     3660.0       10.0     107235      0.079      0.005

Sun Jul 20 10:08:04 2014: move(axis=li, targetPos=2.1
Sun Jul 20 10:14:46 2014: move(axis=SRV33, targetPos=2490
Sun Jul 20 10:16:06 2014: move(axis=STP28, targetPos=750
Sun Jul 20 10:16:26 2014: move(axis=STP28, targetPos=750
Sun Jul 20 10:18:48 2014: move(axis=SRV34, targetPos=15
Sun Jul 20 10:21:50 2014: move(axis=SRV34, targetPos=30
Sun Jul 20 10:22:44 2014: move(axis=SRV34, targetPos=40
Sun Jul 20 10:28:17 2014: move(axis=STP1, targetPos=0

Sun Jul 20 10:29:48 2014: scan(axis=li, start=2.1, step=0.1, end=5.5, time=30)
      2.10      19737      11729   112456.0       30.0     107237      0.104      0.001      18.24      36.49      20.28      40.02       0.00       0.00       0.00       0.00

      2.20      19784      11840   118748.0       30.0     107239      0.100      0.001      19.14      38.29      20.28      40.20       0.00       0.00       0.00       0.00

      2.30      20893      12266   139351.0       30.0     107241      0.088      0.001      20.05      40.10      20.28      40.24       0.00       0.00       0.00       0.00

      2.40      26196      15543   170183.0       30.0     107243      0.091      0.001      20.96      41.93      20.28      40.24       0.00       0.00       0.00       0.00

      2.50      29006      17231   192395.0       30.0     107245      0.090      0.001      21.88      43.77      20.28      40.24       0.00       0.00       0.00       0.00

      2.60      29211      17145   201887.0       30.0     107247      0.085      0.001      22.81      45.62      20.28      40.25       0.00       0.00       0.00       0.00

      2.70      28380      16420   201929.0       30.0     107249      0.081      0.001      23.73      47.47      20.28      40.25       0.00       0.00       0.00       0.00

      2.80      27716      15974   202678.0       30.0     107251      0.079      0.001      24.67      49.35      20.28      40.25       0.00       0.00       0.00       0.00

      2.90      28040      16739   208366.0       30.0     107253      0.080      0.001      25.61      51.24      20.28      40.25       0.00       0.00       0.00       0.00

      3.00      30151      17762   234591.0       30.0     107255      0.076      0.001      26.57      53.13      20.28      40.25       0.00       0.00       0.00       0.00

      3.10      28594      16610   236072.0       30.0     107257      0.070      0.001      27.52      55.06      20.28      40.25       0.00       0.00       0.00       0.00

      3.20      28382      16567   240152.0       30.0     107259      0.069      0.001      28.49      56.99      20.28      40.25       0.00       0.00       0.00       0.00

      3.30      27874      16432   243166.0       30.0     107261      0.068      0.001      29.47      58.94      20.28      40.25       0.00       0.00       0.00       0.00

      3.40      27900      16376   248323.0       30.0     107263      0.066      0.001      30.45      60.92      20.28      40.25       0.00       0.00       0.00       0.00

      3.50      28163      16443   252676.0       30.0     107265      0.065      0.001      31.45      62.91      20.28      40.25       0.00       0.00       0.00       0.00

      3.60      27362      15955   254295.0       30.0     107267      0.063      0.001      32.46      64.93      20.28      40.25       0.00       0.00       0.00       0.00

      3.70      26874      15658   268329.0       30.0     107269      0.058      0.000      33.48      66.96      20.28      40.25       0.00       0.00       0.00       0.00

      3.80      26525      15558   270340.0       30.0     107271      0.058      0.000      34.51      69.03      20.28      40.25       0.00       0.00       0.00       0.00

      3.90      26364      15483   274122.0       30.0     107273      0.056      0.000      35.55      71.12      20.28      40.25       0.00       0.00       0.00       0.00

      4.00      26038      14980   271640.0       30.0     107275      0.055      0.000      36.61      73.22      20.28      40.25       0.00       0.00       0.00       0.00

      4.10      30438      17714   310232.0       30.0     107277      0.057      0.000      37.68      75.38      20.28      40.25       0.00       0.00       0.00       0.00

      4.20      31859      18534   320955.0       30.0     107279      0.058      0.000      38.77      77.54      20.28      40.25       0.00       0.00       0.00       0.00

      4.30      28754      16858   324730.0       30.0     107281      0.052      0.000      39.87      79.76      20.28      40.25       0.00       0.00       0.00       0.00

      4.40      28987      17074   328609.0       30.0     107283      0.052      0.000      40.99      81.99      20.28      40.26       0.00       0.00       0.00       0.00

      4.50      29128      16942   336505.0       30.0     107285      0.050      0.000      42.13      84.28      20.28      40.26       0.00       0.00       0.00       0.00

      4.60      28524      16451   336356.0       30.0     107287      0.049      0.000      43.30      86.61      20.28      40.26       0.00       0.00       0.00       0.00

      4.70      29031      16821   349988.0       30.0     107289      0.048      0.000      44.48      88.97      20.28      40.26       0.00       0.00       0.00       0.00

      4.80      29401      17088   356413.0       30.0     107291      0.048      0.000      45.69      91.38      20.28      40.26       0.00       0.00       0.00       0.00

      4.90      28773      16769   349806.0       30.0     107293      0.048      0.000      46.93      93.85      20.28      40.26       0.00       0.00       0.00       0.00

      5.00      27823      16288   343056.0       30.0     107295      0.047      0.000      48.19      96.39      20.28      40.26       0.00       0.00       0.00       0.00

      5.10      26259      15192   332713.0       30.0     107296      0.046      0.000      49.49      98.98      20.28      40.26       0.00       0.00       0.00       0.00

      5.20      24863      14294   322485.0       30.0     107298      0.044      0.000      50.82     101.65      20.28      40.26       0.00       0.00       0.00       0.00

      5.30      24072      13882   311728.0       30.0     107300      0.045      0.000      52.20     104.39      20.28      40.26       0.00       0.00       0.00       0.00

      5.40      22850      13161   298617.0       30.0     107302      0.044      0.000      53.61     107.22      20.28      40.26       0.00       0.00       0.00       0.00

      5.50      21468      12252   289180.0       30.0     107304      0.042      0.000      55.08     110.16      20.28      40.26       0.00       0.00       0.00       0.00

Sun Jul 20 11:25:50 2014: cscan(axis=monok, amplitude=1.4, step=0.2, time=10)
     53.68        317        169     6999.0       10.0     107306      0.024      0.002

     53.88        401        225    10579.0       10.0     107307      0.021      0.001

     54.08        577        327    16902.0       10.0     107308      0.019      0.001

     54.28       1108        621    27998.0       10.0     107309      0.022      0.001

     54.48       1998       1100    45727.0       10.0     107310      0.024      0.001

     54.68       3762       2099    67722.0       10.0     107311      0.031      0.001

     54.88       6027       3485    88669.0       10.0     107312      0.039      0.001

     55.08       7201       4164    96366.0       10.0     107313      0.043      0.001

     55.28       5663       3248    85489.0       10.0     107314      0.038      0.001

     55.48       3305       1898    63316.0       10.0     107315      0.030      0.001

     55.68       1747        990    39780.0       10.0     107316      0.025      0.001

     55.88        888        513    22424.0       10.0     107317      0.023      0.001

     56.08        520        293    12518.0       10.0     107318      0.023      0.001

     56.28        283        167     7215.0       10.0     107319      0.023      0.002

     56.48        215        113     4995.0       10.0     107320      0.023      0.002


Sun Jul 20 11:36:48 2014: scan(axis=mvfoc, start=0, step=50, end=1600, time=10)
Sun Jul 20 11:37:10 2014: move(axis=STP4, targetPos=55.08

Sun Jul 20 11:37:38 2014: scan(axis=mvfoc, start=500, step=50, end=1500, time=10)
    500.00       6922       3876   120209.0       10.0     107323      0.032      0.001

    550.00       7038       3931   127412.0       10.0     107324      0.031      0.000

    600.00       7100       3973   133237.0       10.0     107325      0.030      0.000

    650.00       7515       4204   139579.0       10.0     107326      0.030      0.000

    700.00       8114       4471   144598.0       10.0     107327      0.031      0.000

    750.00       8668       4767   147508.0       10.0     107328      0.032      0.000

    800.00       8871       4949   148918.0       10.0     107329      0.033      0.000

    850.00       8712       4837   149204.0       10.0     107330      0.032      0.000

    900.00       8513       4734   149123.0       10.0     107331      0.032      0.000

    950.00       7741       4393   149294.0       10.0     107332      0.029      0.000

   1000.00       6910       3866   145851.0       10.0     107333      0.027      0.000

   1050.00       6157       3450   141216.0       10.0     107334      0.024      0.000

   1100.00       5246       2915   133341.0       10.0     107335      0.022      0.000

   1150.00       4745       2583   127131.0       10.0     107336      0.020      0.000

   1200.00       4180       2228   119697.0       10.0     107337      0.019      0.000

Sun Jul 20 11:43:04 2014: move(axis=STP1, targetPos=820
Sun Jul 20 11:44:00 2014: cscan(axis=mgL, amplitude=2.6, step=0.2, time=10)
     -1.48        323        160    21899.0       10.0     107340      0.007      0.001

     -1.28        583        285    40368.0       10.0     107341      0.007      0.000

     -1.08       1058        549    65865.0       10.0     107342      0.008      0.000

     -0.88       2009       1054    96039.0     10.008     107343      0.011      0.000

     -0.68       3761       2002   121547.0       10.0     107344      0.016      0.000

     -0.48       5897       3251   139908.0       10.0     107345      0.023      0.000

     -0.28       8374       4695   147837.0       10.0     107346      0.032      0.000

     -0.08      10583       5996   152792.0       10.0     107347      0.039      0.001

      0.12      11482       6656   153408.0       10.0     107348      0.043      0.001

      0.32      11882       6859   153845.0       10.0     107349      0.045      0.001

      0.52      11647       6708   152040.0       10.0     107350      0.044      0.001

      0.72      11188       6437   151264.0       10.0     107351      0.043      0.001

      0.92      10289       5821   150173.0       10.0     107352      0.039      0.001

      1.12       8800       4826   148276.0       10.0     107353      0.033      0.000

      1.32       7313       4090   144439.0       10.0     107354      0.028      0.000

      1.52       5522       3086   134996.0       10.0     107355      0.023      0.000

      1.72       4050       2241   115292.0       10.0     107356      0.019      0.000

      1.92       2620       1420    89825.0       10.0     107357      0.016      0.000

      2.12       1504        834    61200.0       10.0     107358      0.014      0.000

      2.32        924        509    37383.0     10.001     107359      0.014      0.001

      2.52        509        278    20992.0       10.0     107360      0.013      0.001

      2.72        309        183    11335.0       10.0     107361      0.016      0.001

      2.92        229        109     6441.0       10.0     107362      0.017      0.002

      3.12        139         73     3927.0       10.0     107363      0.019      0.002

      3.32        124         70     2742.0       10.0     107364      0.026      0.003

      3.52         99         48     2016.0       10.0     107365      0.024      0.003

      3.72         81         34     1622.0       10.0     107366      0.021      0.004

Sun Jul 20 11:53:30 2014: move(axis=STP5, targetPos=0.49
Sun Jul 20 11:53:49 2014: move(axis=li, targetPos=5.1386
Sun Jul 20 11:57:15 2014: move(axis=li, targetPos=5.1386
Sun Jul 20 11:57:54 2014: move(axis=li, targetPos=5.1386
Sun Jul 20 11:58:31 2014: move(axis=SRV32, targetPos=110
Sun Jul 20 11:59:29 2014: move(axis=li, targetPos=5.1386
Sun Jul 20 12:00:30 2014: move(axis=li, targetPos=5.1386

Sun Jul 20 12:03:00 2014: scan(axis=mvfoc, start=500, step=50, end=1500, time=10)
    501.00      18263      10678   166286.0       10.0     107368      0.064      0.001

    550.00      19823      11683   170649.0       10.0     107369      0.068      0.001

    600.00      21105      12530   172066.0       10.0     107370      0.073      0.001

    650.00      21125      12483   174083.0       10.0     107371      0.072      0.001

    700.00      20631      12170   174264.0       10.0     107372      0.070      0.001

    750.00      18915      11032   174476.0       10.0     107373      0.063      0.001

    800.00      17113       9980   173540.0       10.0     107374      0.058      0.001

    850.00      14753       8548   173391.0       10.0     107375      0.049      0.001

    900.00      12747       7211   174058.0       10.0     107376      0.041      0.000

    950.00      11207       6350   173756.0       10.0     107377      0.037      0.000

   1000.00      10049       5615   173459.0       10.0     107378      0.032      0.000

   1050.00       8997       5072   172271.0       10.0     107379      0.029      0.000

   1100.00       8413       4716   169843.0       10.0     107380      0.028      0.000

   1150.00       7504       4210   164683.0       10.0     107381      0.026      0.000

   1200.00       6887       3860   157222.0       10.0     107382      0.025      0.000

   1250.00       6486       3632   148144.0       10.0     107383      0.025      0.000

   1300.00       6089       3465   139056.0       10.0     107384      0.025      0.000

   1350.00       5828       3261   130235.0       10.0     107385      0.025      0.000

   1400.00       5691       3246   121383.0       10.0     107386      0.027      0.000

   1450.00       5555       3186   112375.0       10.0     107387      0.028      0.001

Sun Jul 20 12:09:57 2014: move(axis=STP1, targetPos=625
Sun Jul 20 12:10:10 2014: cscan(axis=mgL, amplitude=2.6, step=0.2, time=10)
     -2.11        145         68    20408.0       10.0     107389      0.003      0.000

     -1.91        197         85    33350.0       10.0     107390      0.003      0.000

     -1.71        324        119    50088.0       10.0     107391      0.002      0.000

     -1.51        468        195    66718.0       10.0     107392      0.003      0.000

     -1.31        717        295    83393.0       10.0     107393      0.004      0.000

     -1.11       1102        447    97746.0       10.0     107394      0.005      0.000

     -0.91       1524        674   110869.0       10.0     107395      0.006      0.000

     -0.71       2433       1147   124882.0       10.0     107396      0.009      0.000

     -0.51       4182       2138   138851.0       10.0     107397      0.015      0.000

     -0.31       7614       4247   152311.0       10.0     107398      0.028      0.000

     -0.11      12773       7378   162565.0       10.0     107399      0.045      0.001

      0.09      18109      10763   169395.0       10.0     107400      0.064      0.001

      0.29      21514      12715   172194.0       10.0     107401      0.074      0.001

      0.49      21382      12504   173475.0       10.0     107402      0.072      0.001

      0.69      18516      10893   171500.0       10.0     107403      0.064      0.001

      0.89      14097       8086   167091.0       10.0     107404      0.048      0.001

      1.09      10031       5683   156781.0       10.0     107405      0.036      0.000

      1.29       6831       3803   144342.0       10.0     107406      0.026      0.000

      1.49       4664       2455   127640.0       10.0     107407      0.019      0.000

      1.69       3168       1657   110969.0       10.0     107408      0.015      0.000

      1.89       2187       1137    95220.0       10.0     107409      0.012      0.000

      2.09       1333        662    79826.0       10.0     107410      0.008      0.000

      2.29        826        383    64280.0       10.0     107411      0.006      0.000

      2.49        435        227    49883.0       10.0     107412      0.005      0.000

      2.69        274        130    35384.0       10.0     107413      0.004      0.000

      2.89        171         78    23317.0       10.0     107414      0.003      0.000

      3.09        114         67    13858.0       10.0     107415      0.005      0.001

Sun Jul 20 12:20:10 2014: move(axis=STP5, targetPos=0.44

Sun Jul 20 12:20:48 2014: scan(axis=mvfoc, start=100, step=50, end=1200, time=10)
    101.00       9337       5368   122461.0       10.0     107417      0.044      0.001

    150.00       9672       5616   124798.0       10.0     107418      0.045      0.001

    200.00      10410       6018   128388.0       10.0     107419      0.047      0.001

    250.00      10872       6261   133025.0       10.0     107420      0.047      0.001

    300.00      11654       6755   138253.0       10.0     107421      0.049      0.001

    350.00      13154       7651   145076.0       10.0     107422      0.053      0.001

    400.00      14649       8610   151700.0       10.0     107423      0.057      0.001

    450.00      16173       9431   158055.0       10.0     107424      0.060      0.001

    500.00      18365      10705   163767.0       10.0     107425      0.065      0.001

    550.00      20216      11981   168959.0       10.0     107426      0.071      0.001

    600.00      21502      12810   172366.0       10.0     107427      0.074      0.001

    650.00      21693      12793   174110.0       10.0     107428      0.073      0.001

    700.00      20772      12229   174170.0       10.0     107429      0.070      0.001

    750.00      19119      11082   173668.0       10.0     107430      0.064      0.001

    800.00      17182      10014   173963.0       10.0     107431      0.058      0.001

    850.00      14747       8442   173444.0       10.0     107432      0.049      0.001

    900.00      13024       7349   173836.0       10.0     107433      0.042      0.001

    950.00      11068       6228   174436.0       10.0     107434      0.036      0.000

   1000.00      10055       5643   174332.0       10.0     107435      0.032      0.000

   1050.00       9186       5181   172872.0       10.0     107436      0.030      0.000

   1100.00       8274       4629   168689.0       10.0     107437      0.027      0.000

Sun Jul 20 12:28:00 2014: move(axis=STP1, targetPos=625
Sun Jul 20 12:28:37 2014: move(axis=li, targetPos=4.3118
Sun Jul 20 12:30:09 2014: move(axis=li, targetPos=4.3118

Sun Jul 20 12:30:59 2014: scan(axis=mvfoc, start=-100, step=50, end=1200, time=10)
    -91.00      10177       5858   118719.0       10.0     107439      0.049      0.001

    -50.00      10210       5833   118465.0       10.0     107440      0.049      0.001

      0.00      10291       5957   119454.0       10.0     107441      0.050      0.001

     50.00      10452       6073   118723.0       10.0     107442      0.051      0.001

    100.00      10621       6201   119949.0       10.0     107443      0.052      0.001

    150.00      10852       6326   123346.0       10.0     107444      0.051      0.001

    200.00      11624       6794   127013.0       10.0     107445      0.053      0.001

    250.00      12133       7060   131406.0       10.0     107446      0.054      0.001

    300.00      12686       7353   136644.0       10.0     107447      0.054      0.001

    350.00      14076       8249   141619.0       10.0     107448      0.058      0.001

    399.00      15564       9272   147905.0       10.0     107449      0.063      0.001

    450.00      17236      10113   154589.0       10.0     107450      0.065      0.001

    500.00      19339      11450   161874.0       10.0     107451      0.071      0.001

    550.00      21213      12664   166676.0       10.0     107452      0.076      0.001

    600.00      23561      13930   170652.0       10.0     107453      0.082      0.001

    650.00      25480      15292   172524.0       10.0     107454      0.089      0.001

    700.00      26165      15599   174303.0       10.0     107455      0.089      0.001

    750.00      25472      15231   172847.0       10.0     107456      0.088      0.001

    800.00      23959      14216   172638.0       10.0     107457      0.082      0.001

    850.00      21216      12440   171584.0       10.0     107458      0.073      0.001

    900.00      18696      10966   170882.0       10.0     107459      0.064      0.001

    950.00      16544       9681   170914.0       10.0     107460      0.057      0.001

   1000.00      14094       8133   171236.0       10.0     107461      0.047      0.001

   1050.00      13215       7573   170872.0       10.0     107462      0.044      0.001

   1100.00      11698       6712   172423.0       10.0     107463      0.039      0.000

   1150.00      10936       6255   171967.0       10.0     107464      0.036      0.000

   1200.00      10422       5897   169972.0       10.0     107465      0.035      0.000

Sun Jul 20 12:40:59 2014: move(axis=STP1, targetPos=690
Sun Jul 20 12:41:17 2014: cscan(axis=mgL, amplitude=3, step=0.3, time=10)
     -2.56        113         47    15811.0       10.0     107467      0.003      0.000

     -2.26        195         86    32052.0     10.007     107468      0.003      0.000

     -1.96        356        156    53502.0       10.0     107469      0.003      0.000

     -1.66        594        220    75898.0       10.0     107470      0.003      0.000

     -1.36        960        372    94373.0       10.0     107471      0.004      0.000

     -1.06       1583        665   112093.0       10.0     107472      0.006      0.000

     -0.76       3041       1432   131369.0       10.0     107473      0.011      0.000

     -0.46       6369       3356   149980.0       10.0     107474      0.022      0.000

     -0.16      13478       7773   164498.0       10.0     107475      0.047      0.001

      0.14      21869      12775   172378.0       10.0     107476      0.074      0.001

      0.44      26292      15618   175024.0       10.0     107477      0.089      0.001

      0.74      22389      13269   170916.0       10.0     107478      0.078      0.001

      1.04      15340       9124   163425.0       10.0     107479      0.056      0.001

      1.34       9440       5385   149585.0       10.0     107480      0.036      0.000

      1.64       5609       3073   127303.0       10.0     107481      0.024      0.000

      1.94       3291       1752   103354.0       10.0     107482      0.017      0.000

      2.24       1902       1010    80911.0       10.0     107483      0.012      0.000

      2.54        978        486    62064.0       10.0     107484      0.008      0.000

      2.84        414        219    43423.0       10.0     107485      0.005      0.000

      3.14        206        107    26329.0       10.0     107486      0.004      0.000

      3.44        109         59    13109.0       10.0     107487      0.005      0.001

Sun Jul 20 12:49:33 2014: move(axis=li, targetPos=3.354
Sun Jul 20 12:51:52 2014: move(axis=STP5, targetPos=0.49

Sun Jul 20 12:52:16 2014: scan(axis=mvfoc, start=200, step=50, end=1500, time=10)
    200.00      12477       7348   104206.0       10.0     107489      0.071      0.001

    250.00      12662       7464   106095.0       10.0     107490      0.070      0.001

    300.00      13414       7777   108932.0       10.0     107491      0.071      0.001

    350.00      13898       8189   113118.0       10.0     107492      0.072      0.001

    400.00      14805       8638   117283.0       10.0     107493      0.074      0.001

    450.00      16394       9701   123753.0       10.0     107494      0.078      0.001

    500.00      18075      10755   129324.0       10.0     107495      0.083      0.001

    550.00      19708      11751   135259.0       10.0     107496      0.087      0.001

    600.00      22141      13087   140708.0       10.0     107497      0.093      0.001

    650.00      24544      14514   145057.0       10.0     107498      0.100      0.001

    700.00      27156      16274   146252.0       10.0     107499      0.111      0.001

    750.00      28916      17292   147962.0       10.0     107500      0.117      0.001

    800.00      29978      17894   147763.0       10.0     107501      0.121      0.001

    850.00      30095      18121   146885.0       10.0     107502      0.123      0.001

    900.00      29107      17372   146770.0       10.0     107503      0.118      0.001

    950.00      26687      15858   145604.0       10.0     107504      0.109      0.001

   1000.00      24181      14532   145050.0       10.0     107505      0.100      0.001

   1050.00      22011      13084   145798.0       10.0     107506      0.090      0.001

   1100.00      19326      11400   144824.0       10.0     107507      0.079      0.001

   1150.00      17516      10113   145698.0       10.0     107508      0.069      0.001

   1200.00      16318       9657   145485.0       10.0     107509      0.066      0.001

   1250.00      14722       8502   145256.0       10.0     107510      0.059      0.001

   1300.00      14036       8208   146161.0       10.0     107511      0.056      0.001

   1350.00      13295       7604   146224.0       10.0     107512      0.052      0.001

   1400.00      12759       7279   146634.0       10.0     107513      0.050      0.001

   1450.00      12162       7051   145816.0       10.0     107514      0.048      0.001

   1500.00      11879       6887   145559.0       10.0     107515      0.047      0.001

Sun Jul 20 13:02:14 2014: move(axis=STP1, targetPos=822
Sun Jul 20 13:02:28 2014: cscan(axis=mgL, amplitude=3, step=0.3, time=10)
     -2.51        245         97    41722.0       10.0     107517      0.002      0.000

     -2.21        381        132    56712.0       10.0     107518      0.002      0.000

     -1.91        596        221    70612.0       10.0     107519      0.003      0.000

     -1.61        884        331    83048.0       10.0     107520      0.004      0.000

     -1.31       1349        540    96492.0       10.0     107521      0.006      0.000

     -1.01       2271        987   111353.0       10.0     107522      0.009      0.000

     -0.71       4355       2164   127737.0       10.0     107523      0.017      0.000

     -0.41       9122       5179   139906.0       10.0     107524      0.037      0.001

     -0.11      17729      10346   147391.0       10.0     107525      0.070      0.001

      0.19      26216      15673   150061.0       10.0     107526      0.104      0.001

      0.49      30350      18216   147665.0       10.0     107527      0.123      0.001

      0.79      27588      16453   144448.0       10.0     107528      0.114      0.001

      1.09      21077      12513   137813.0       10.0     107529      0.091      0.001

      1.39      14472       8447   129750.0       10.0     107530      0.065      0.001

      1.69       9926       5736   116006.0       10.0     107531      0.049      0.001

      1.99       6969       3903    99059.0       10.0     107532      0.039      0.001

      2.29       4501       2475    80421.0       10.0     107533      0.031      0.001

      2.59       2822       1527    63669.0       10.0     107534      0.024      0.001

      2.89       1546        828    48690.0     10.003     107535      0.017      0.001

      3.19        708        368    35656.0       10.0     107536      0.010      0.001

      3.49        295        155    24003.0       10.0     107537      0.006      0.001

Sun Jul 20 13:12:25 2014: move(axis=STP5, targetPos=0.59
Sun Jul 20 13:12:59 2014: move(axis=li, targetPos=2.2943
Sun Jul 20 13:15:51 2014: move(axis=li, targetPos=2.2943

Sun Jul 20 13:17:32 2014: scan(axis=mvfoc, start=300, step=50, end=1700, time=10)
    301.00       9958       5950    61890.0       10.0     107539      0.096      0.001

    350.00      10088       6012    62954.0       10.0     107540      0.095      0.001

    400.00      10571       6262    63491.0       10.0     107541      0.099      0.001

    450.00      11028       6530    65949.0       10.0     107542      0.099      0.001

    500.00      11731       6979    68082.0       10.0     107543      0.103      0.001

    550.00      12631       7548    70553.0       10.0     107544      0.107      0.001

    600.00      13425       8000    72967.0       10.0     107545      0.110      0.001

    650.00      14760       8754    76789.0       10.0     107546      0.114      0.001

    700.00      16263       9711    78878.0       10.0     107547      0.123      0.001

    750.00      17675      10721    81462.0       10.0     107548      0.132      0.001

    800.00      19479      11705    83150.0       10.0     107549      0.141      0.001

    850.00      21618      13067    84411.0       10.0     107550      0.155      0.001

    900.00      23797      14244    85333.0       10.0     107551      0.167      0.002

    950.00      25501      15381    85547.0       10.0     107552      0.180      0.002

   1000.00      26866      16246    84559.0       10.0     107553      0.192      0.002

   1050.00      27259      16393    84642.0       10.0     107554      0.194      0.002

   1100.00      26713      16045    84131.0       10.0     107555      0.191      0.002

   1150.00      25478      15349    83610.0       10.0     107556      0.184      0.002

   1200.00      23521      14110    83178.0       10.0     107557      0.170      0.002

   1250.00      21857      13161    82744.0       10.0     107558      0.159      0.001

   1300.00      20041      11915    82815.0       10.0     107559      0.144      0.001

   1350.00      18271      10905    82626.0       10.0     107560      0.132      0.001

   1400.00      16901      10041    82742.0       10.0     107561      0.121      0.001

   1450.00      16066       9581    82472.0       10.0     107562      0.116      0.001

   1500.00      15099       8929    82754.0       10.0     107563      0.108      0.001

   1550.00      14779       8747    82120.0       10.0     107564      0.107      0.001

   1600.00      14155       8347    82849.0       10.0     107565      0.101      0.001

   1650.00      13667       8087    82795.0       10.0     107566      0.098      0.001

   1700.00      13709       8107    82022.0       10.0     107567      0.099      0.001

Sun Jul 20 13:28:58 2014: move(axis=STP1, targetPos=1050
Sun Jul 20 13:29:46 2014: cscan(axis=mgL, amplitude=3, step=0.3, time=10)
     -2.41        467        172    41252.0       10.0     107569      0.004      0.000

     -2.11        602        220    46152.0       10.0     107570      0.005      0.000

     -1.81        803        297    53049.0       10.0     107571      0.006      0.000

     -1.81        776        267    53147.0       10.0     107572      0.005      0.000

     -1.21       1480        637    69223.0       10.0     107573      0.009      0.000

     -0.91       2748       1414    76778.0       10.0     107574      0.018      0.000

     -0.61       5436       2943    82297.0       10.0     107575      0.036      0.001

     -0.31      10277       6009    86140.0       10.0     107576      0.070      0.001

     -0.01      17506      10576    87593.0       10.0     107577      0.121      0.001

      0.29      24120      14478    87143.0       10.0     107578      0.166      0.001

      0.59      27195      16385    84684.0       10.0     107579      0.193      0.002

      0.89      25501      15403    81669.0       10.0     107580      0.189      0.002

      1.19      21153      12538    78269.0       10.0     107581      0.160      0.002

      1.49      15669       9391    75082.0       10.0     107582      0.125      0.001

      1.79      11090       6577    71163.0       10.0     107583      0.092      0.001

      2.09       7986       4657    65574.0       10.0     107584      0.071      0.001

      2.39       5299       3104    58181.0       10.0     107585      0.053      0.001

      2.69       3778       2130    49300.0       10.0     107586      0.043      0.001

      2.98       2635       1480    40496.0       10.0     107587      0.037      0.001

      2.98       2678       1474    40172.0       10.0     107588      0.037      0.001

      2.98       2618       1509    40256.0       10.0     107589      0.037      0.001

Sun Jul 20 14:10:31 2014: move(axis=STP5, targetPos=0.73
Sun Jul 20 14:29:46 2014: move(axis=STP5, targetPos=0.7
Sun Jul 20 14:29:55 2014: move(axis=STP5, targetPos=0.73

Sun Jul 20 14:30:11 2014: scan(axis=mvfoc, start=300, step=50, end=1700, time=10)
    301.00       2527       1359    58676.0       10.0     107593      0.023      0.001

    350.00       2540       1355    59975.0       10.0     107594      0.023      0.001

    400.00       2737       1487    61733.0       10.0     107595      0.024      0.001

    450.00       2936       1604    64012.0       10.0     107596      0.025      0.001

    500.00       3124       1724    65610.0       10.0     107597      0.026      0.001

    550.00       3436       1877    68132.0       10.0     107598      0.028      0.001

    600.00       3634       2014    70727.0       10.0     107599      0.028      0.001

    650.00       3988       2138    73787.0       10.0     107600      0.029      0.001

    700.00       4504       2484    76783.0       10.0     107601      0.032      0.001

    750.00       5163       2823    79223.0       10.0     107602      0.036      0.001

    800.00       5464       3072    81189.0       10.0     107603      0.038      0.001

    850.00       6409       3660    82703.0       10.0     107604      0.044      0.001

    900.00       6809       3896    82919.0       10.0     107605      0.047      0.001

    950.00       7609       4362    83082.0       10.0     107606      0.053      0.001

   1000.00       8150       4801    82787.0       10.0     107607      0.058      0.001

   1050.00       8468       4829    81832.0       10.0     107608      0.059      0.001

   1100.00       8025       4667    80893.0       10.0     107609      0.058      0.001

   1150.00       7608       4375    80669.0       10.0     107610      0.054      0.001

   1200.00       7326       4109    80500.0       10.0     107611      0.051      0.001

   1250.00       6666       3846    80340.0       10.0     107612      0.048      0.001

   1300.00       5882       3236    80135.0       10.0     107613      0.040      0.001

   1350.00       5588       3070    80325.0       10.0     107614      0.038      0.001

   1400.00       5160       2837    79749.0       10.0     107615      0.036      0.001

   1450.00       4773       2619    79975.0     10.004     107616      0.033      0.001

   1500.00       4475       2352    79695.0       10.0     107617      0.030      0.001

   1550.00       4276       2275    79623.0       10.0     107618      0.029      0.001

   1600.00       4060       2169    80406.0       10.0     107619      0.027      0.001

   1651.00       3844       2015    80214.0       10.0     107620      0.025      0.001

   1701.00       3825       2029    80102.0     10.001     107621      0.025      0.001


Sun Jul 20 14:42:21 2014: scan(axis=mvfoc, start=1600, step=50, end=2000, time=10)

Sun Jul 20 14:42:34 2014: scan(axis=mvfoc, start=1600, step=100, end=2000, time=10)
   1601.00       3831       2013    80491.0       10.0     107623      0.025      0.001

   1701.00       3657       1949    79868.0       10.0     107624      0.024      0.001

   1800.00       3634       1917    80524.0       10.0     107625      0.024      0.001

   1901.00       3528       1787    80509.0       10.0     107626      0.022      0.001

   2000.00       3611       1868    80394.0       10.0     107627      0.023      0.001

Sun Jul 20 14:45:11 2014: move(axis=STP1, targetPos=1050
Sun Jul 20 14:46:01 2014: cscan(axis=mgL, amplitude=2.4, step=0.3, time=10)
     -1.67        740        266    55913.0       10.0     107629      0.005      0.000

     -1.37        980        378    64014.0       10.0     107630      0.006      0.000

     -1.07       1429        588    72241.0     10.008     107631      0.008      0.000

     -0.77       2225        999    79160.0       10.0     107632      0.013      0.000

     -0.47       3929       1981    83697.0       10.0     107633      0.024      0.001

     -0.17       6487       3602    86556.0       10.0     107634      0.042      0.001

      0.13       9092       5166    86899.0       10.0     107635      0.059      0.001

      0.43       9851       5714    85038.0       10.0     107636      0.067      0.001

      0.73       8157       4723    82610.0       10.0     107637      0.057      0.001

      1.03       5145       2919    79386.0       10.0     107638      0.037      0.001

      1.33       2625       1387    76004.0       10.0     107639      0.018      0.000

      1.63       1295        610    71862.0       10.0     107640      0.008      0.000

      1.93        751        287    67669.0       10.0     107641      0.004      0.000

      2.23        553        170    61232.0       10.0     107642      0.003      0.000

      2.53        443        134    53529.0       10.0     107643      0.003      0.000

      2.83        490        177    44585.0       10.0     107644      0.004      0.000

      2.99        539        228    39892.0       10.0     107645      0.006      0.000

Sun Jul 20 14:52:03 2014: move(axis=STP5, targetPos=0.35

Sun Jul 20 14:52:37 2014: scan(axis=mvfoc, start=300, step=100, end=2000, time=10)
    301.00        567        280    25510.0       10.0     107647      0.011      0.001

    399.00        509        244    26041.0       10.0     107648      0.009      0.001

    500.00        444        200    26471.0       10.0     107649      0.008      0.001

    600.00        362        170    27233.0       10.0     107650      0.006      0.000

    700.00        342        145    28051.0       10.0     107651      0.005      0.000

    800.00        359        147    29272.0       10.0     107652      0.005      0.000

Sun Jul 20 14:54:54 2014: move(axis=STP5, targetPos=0.35

Sun Jul 20 14:55:04 2014: scan(axis=mvfoc, start=300, step=100, end=2000, time=10)
    301.00       2707       1462    61397.0       10.0     107654      0.024      0.001

    400.00       2926       1567    65178.0       10.0     107655      0.024      0.001

    500.00       3228       1736    69309.0       10.0     107656      0.025      0.001

    600.00       3788       2049    74347.0       10.0     107657      0.028      0.001

    700.00       4485       2484    78714.0       10.0     107658      0.032      0.001

    800.00       5958       3375    82018.0       10.0     107659      0.041      0.001

    900.00       7854       4446    84558.0       10.0     107660      0.053      0.001

   1000.00       9524       5603    85128.0       10.0     107661      0.066      0.001

   1100.00       9659       5528    84021.0       10.0     107662      0.066      0.001

   1200.00       8295       4765    84262.0       10.0     107663      0.057      0.001

   1300.00       6514       3641    83274.0       10.0     107664      0.044      0.001

   1400.00       5453       2945    82367.0       10.0     107665      0.036      0.001

   1500.00       4784       2592    82325.0       10.0     107666      0.031      0.001

   1600.00       4445       2411    82036.0       10.0     107667      0.029      0.001

   1701.00       4157       2186    82029.0       10.0     107668      0.027      0.001

   1800.00       4181       2243    82424.0       10.0     107669      0.027      0.001

   1901.00       4150       2193    82756.0       10.0     107670      0.026      0.001

   2001.00       4107       2203    81630.0       10.0     107671      0.027      0.001

Sun Jul 20 15:02:18 2014: move(axis=STP1, targetPos=1050
Sun Jul 20 15:03:02 2014: move(axis=SRV33, targetPos=3000

Sun Jul 20 15:08:23 2014: scan(axis=mgL, start=-1.6, step=0.3, end=1.6, time=10)
     -1.60        662        241    58452.0       10.0     107673      0.004      0.000

     -1.30        871        315    67048.0       10.0     107674      0.005      0.000

     -1.00       1308        502    74449.0       10.0     107675      0.007      0.000

     -0.70       2156        996    81137.0       10.0     107676      0.012      0.000

     -0.40       3776       1949    85350.0       10.0     107677      0.023      0.001

     -0.10       5544       2983    87428.0       10.0     107678      0.034      0.001

      0.20       6745       3648    87002.0       10.0     107679      0.042      0.001

      0.50       6572       3641    85429.0       10.0     107680      0.043      0.001

      0.80       5272       2894    82227.0       10.0     107681      0.035      0.001

      1.10       3357       1755    78890.0       10.0     107682      0.022      0.001

      1.40       1973       1002    75374.0       10.0     107683      0.013      0.000

Sun Jul 20 15:12:59 2014: move(axis=STP5, targetPos=0.32

Sun Jul 20 15:13:52 2014: scan(axis=mvfoc, start=100, step=100, end=1500, time=10)
    101.00       2117       1100    58112.0       10.0     107685      0.019      0.001

    200.00       2220       1180    58942.0       10.0     107686      0.020      0.001

    300.00       2374       1242    62348.0       10.0     107687      0.020      0.001

    400.00       2665       1405    65832.0       10.0     107688      0.021      0.001

    500.00       2922       1592    69820.0       10.0     107689      0.023      0.001

    600.00       3675       1943    75114.0       10.0     107690      0.026      0.001

    700.00       4470       2457    78464.0       10.0     107691      0.031      0.001

    800.00       6083       3421    82101.0       10.0     107692      0.042      0.001

    900.00       7416       4189    84974.0       10.0     107693      0.049      0.001

   1000.00       7539       4236    85608.0       10.0     107694      0.049      0.001

   1100.00       6055       3362    85898.0       10.0     107695      0.039      0.001

   1200.00       4899       2623    85082.0       10.0     107696      0.031      0.001

   1300.00       4006       2172    84331.0       10.0     107697      0.026      0.001

   1400.00       3411       1801    83296.0     10.004     107698      0.022      0.001

   1500.00       3442       1783    82835.0       10.0     107699      0.022      0.001

Sun Jul 20 15:21:56 2014: move(axis=STP1, targetPos=950

Sun Jul 20 15:22:04 2014: scan(axis=mgL, start=-1.6, step=0.3, end=1.6, time=10)
     -1.60        684        244    56993.0       10.0     107701      0.004      0.000

     -1.30        913        324    64156.0       10.0     107702      0.005      0.000

     -1.00       1266        480    71722.0       10.0     107703      0.007      0.000

     -0.70       2084        911    76932.0       10.0     107704      0.012      0.000

     -0.40       3606       1894    81608.0     10.003     107705      0.023      0.001

     -0.10       5784       3172    84713.0       10.0     107706      0.037      0.001

      0.20       7387       4219    86114.0       10.0     107707      0.049      0.001

      0.50       7214       4101    85922.0       10.0     107708      0.048      0.001

      0.80       5300       2873    83791.0       10.0     107709      0.034      0.001

      1.10       2942       1513    80139.0       10.0     107710      0.019      0.000

      1.40       1598        681    75873.0       10.0     107711      0.009      0.000

Sun Jul 20 15:28:46 2014: move(axis=SRV33, targetPos=2500
Sun Jul 20 15:33:00 2014: move(axis=SRV33, targetPos=2100

Sun Jul 20 15:36:48 2014: scan(axis=mvfoc, start=300, step=100, end=2000, time=10)
    301.00       2473       1368    52362.0       10.0     107713      0.026      0.001

    400.00       2873       1588    54115.0       10.0     107714      0.029      0.001

    500.00       3379       1835    57654.0       10.0     107715      0.032      0.001

    600.00       3731       2090    61952.0       10.0     107716      0.034      0.001

    700.00       4311       2422    66439.0       10.0     107717      0.036      0.001

    800.00       4829       2730    71201.0       10.0     107718      0.038      0.001

    900.00       5038       2866    74437.0       10.0     107719      0.039      0.001

   1000.00       4530       2521    75485.0       10.0     107720      0.033      0.001

   1100.00       3788       2066    74603.0       10.0     107721      0.028      0.001

   1200.00       3970       2193    73346.0       10.0     107722      0.030      0.001

   1300.00       4812       2710    72492.0       10.0     107723      0.037      0.001

   1400.00       5465       3077    71895.0       10.0     107724      0.043      0.001

   1500.00       5462       3059    71373.0       10.0     107725      0.043      0.001

   1600.00       5093       2863    71576.0       10.0     107726      0.040      0.001

   1700.00       4925       2798    72475.0       10.0     107727      0.039      0.001

   1800.00       4628       2575    72530.0       10.0     107728      0.036      0.001

   1901.00       4699       2554    73010.0     10.001     107729      0.035      0.001

   2000.00       4831       2756    72373.0       10.0     107730      0.038      0.001


Sun Jul 20 15:44:04 2014: scan(axis=mvfoc, start=300, step=100, end=2000, time=10)
    301.00       2640       1432    51628.0       10.0     107732      0.028      0.001

    399.00       2850       1592    54059.0       10.0     107733      0.029      0.001

    500.00       3206       1743    57106.0       10.0     107734      0.031      0.001

    600.00       3667       2050    61136.0       10.0     107735      0.034      0.001

    700.00       4368       2472    66200.0       10.0     107736      0.037      0.001

    800.00       4956       2841    70675.0       10.0     107737      0.040      0.001

    900.00       4947       2792    73892.0       10.0     107738      0.038      0.001

   1000.00       4559       2585    74904.0       10.0     107739      0.035      0.001

   1100.00       3660       2042    73769.0       10.0     107740      0.028      0.001

   1200.00       4061       2253    73010.0       10.0     107741      0.031      0.001

   1300.00       4722       2684    72347.0       10.0     107742      0.037      0.001

   1400.00       5559       3162    71708.0       10.0     107743      0.044      0.001

   1500.00       5429       3039    72103.0       10.0     107744      0.042      0.001

   1600.00       5130       2844    72647.0       10.0     107745      0.039      0.001

   1701.00       4730       2650    72549.0       10.0     107746      0.037      0.001

   1800.00       4718       2561    72410.0       10.0     107747      0.035      0.001

   1901.00       4586       2563    72999.0       10.0     107748      0.035      0.001

   2001.00       4697       2560    72039.0       10.0     107749      0.036      0.001

Sun Jul 20 15:50:21 2014: move(axis=SRV33, targetPos=2300
Sun Jul 20 15:52:41 2014: move(axis=SRV33, targetPos=2100
Sun Jul 20 15:55:02 2014: move(axis=STP5, targetPos=0.32
Sun Jul 20 15:55:12 2014: move(axis=STP5, targetPos=0.35
Sun Jul 20 15:55:36 2014: move(axis=STP1, targetPos=1150

Sun Jul 20 15:55:50 2014: scan(axis=mgL, start=-1.6, step=0.3, end=1.6, time=10)
     -1.60        984        305    60057.0       10.0     107751      0.005      0.000

     -1.30       1382        569    69002.0     10.003     107752      0.008      0.000

     -1.00       1973        843    77521.0       10.0     107753      0.011      0.000

     -0.70       3394       1735    83695.0       10.0     107754      0.021      0.001

     -0.40       5858       3174    86401.0       10.0     107755      0.037      0.001

     -0.10       9230       5239    87945.0       10.0     107756      0.060      0.001

      0.20      12287       7152    86160.0       10.0     107757      0.083      0.001

      0.50      13047       7602    83870.0       10.0     107758      0.091      0.001

      0.80      10841       6289    80630.0       10.0     107759      0.078      0.001

      1.10       7533       4404    76883.0       10.0     107760      0.057      0.001

      1.40       3867       2101    73974.0       10.0     107761      0.028      0.001

Sun Jul 20 16:04:20 2014: move(axis=li, targetPos=4.3118

Sun Jul 20 16:09:07 2014: scan(axis=mvfoc, start=0, step=100, end=1500, time=10)
Sun Jul 20 16:09:24 2014: move(axis=STP5, targetPos=0.4
Sun Jul 20 16:09:38 2014: move(axis=STP5, targetPos=0.5
Sun Jul 20 16:11:36 2014: move(axis=STP1, targetPos=811
Sun Jul 20 16:11:46 2014: cscan(axis=mgL, amplitude=3, step=0.3, time=10)
     -2.50         65         26     7387.0       10.0     107764      0.004      0.001

     -2.20        115         50    17768.0       10.0     107765      0.003      0.000

     -1.90        250         99    37680.0       10.0     107766      0.003      0.000

     -1.60        579        212    64999.0       10.0     107767      0.003      0.000

     -1.30        932        326    92990.0       10.0     107768      0.004      0.000

     -1.00       1567        582   120236.0       10.0     107769      0.005      0.000

     -0.70       2714       1163   143801.0       10.0     107770      0.008      0.000

     -0.40       5284       2621   160968.0       10.0     107771      0.016      0.000

     -0.10       9265       5058   167961.0       10.0     107772      0.030      0.000

      0.20      12083       6818   168459.0       10.0     107773      0.040      0.000

      0.50      10833       6028   165945.0       10.0     107774      0.036      0.000

      0.80       6812       3664   162365.0       10.0     107775      0.023      0.000

      1.10       3474       1731   158458.0       10.0     107776      0.011      0.000

      1.40       1723        712   150328.0       10.0     107777      0.005      0.000

      1.70        964        349   134140.0       10.0     107778      0.003      0.000

      2.00        676        246   110617.0       10.0     107779      0.002      0.000

      2.30        409        168    83437.0       10.0     107780      0.002      0.000

      2.60        234         94    56192.0       10.0     107781      0.002      0.000

      2.90        121         46    31963.0       10.0     107782      0.001      0.000

      3.20         63         20    14616.0       10.0     107783      0.001      0.000

      3.50         59         21     5717.0       10.0     107784      0.004      0.001

Sun Jul 20 16:19:25 2014: move(axis=SRV33, targetPos=2490
Sun Jul 20 16:23:21 2014: cscan(axis=mgL, amplitude=3, step=0.3, time=10)
      0.50       7381       3942   165417.0       10.0     107786      0.024      0.000

      0.80       4929       2495   162351.0       10.0     107787      0.015      0.000

      1.10       3064       1518   158586.0       10.0     107788      0.010      0.000

      1.40       2185       1010   150894.0       10.0     107789      0.007      0.000

      1.70       1734        792   134209.0       10.0     107790      0.006      0.000

      2.00       1447        645   111070.0       10.0     107791      0.006      0.000

      2.30        829        359    84359.0       10.0     107792      0.004      0.000

      2.60        346        167    56771.0       10.0     107793      0.003      0.000

      2.90        165         59    32204.0       10.0     107794      0.002      0.000

      3.20         72         38    14814.0       10.0     107795      0.003      0.000

Sun Jul 20 16:27:07 2014: move(axis=STP1, targetPos=690
Sun Jul 20 16:27:34 2014: move(axis=STP5, targetPos=0.2
Sun Jul 20 16:27:47 2014: cscan(axis=mgL, amplitude=3, step=0.3, time=10)
     -2.80         43         15     8581.0       10.0     107797      0.002      0.000

     -2.50         71         25    19249.0       10.0     107798      0.001      0.000

     -2.20        166         50    37656.0       10.0     107799      0.001      0.000

     -1.90        323        103    59475.0       10.0     107800      0.002      0.000

     -1.60        540        174    80650.0       10.0     107801      0.002      0.000

     -1.30        842        254    96870.0       10.0     107802      0.003      0.000

     -1.00       1401        510   114322.0       10.0     107803      0.004      0.000

     -0.70       2271        967   132969.0       10.0     107804      0.007      0.000

     -0.40       4238       2039   150778.0       10.0     107805      0.014      0.000

     -0.40       4245       2082   150843.0     10.003     107806      0.014      0.000

      0.20       9121       5045   168828.0       10.0     107807      0.030      0.000

      0.50       8135       4418   167868.0       10.0     107808      0.026      0.000

      0.80       4792       2523   163144.0       10.0     107809      0.015      0.000

      1.10       2404       1087   155495.0     10.006     107810      0.007      0.000

      1.40       1409        567   139498.0       10.0     107811      0.004      0.000

      1.70       1271        531   117551.0       10.0     107812      0.005      0.000

      2.00       1218        546    95005.0       10.0     107813      0.006      0.000

      2.30        931        422    75153.0       10.0     107814      0.006      0.000

      2.60        576        262    56848.0       10.0     107815      0.005      0.000

      2.90        236        104    39043.0       10.0     107816      0.003      0.000

      3.20        107         40    23297.0       10.0     107817      0.002      0.000

Sun Jul 20 16:35:56 2014: move(axis=SRV33, targetPos=2956
Sun Jul 20 16:43:38 2014: move(axis=STP1, targetPos=655
Sun Jul 20 16:43:54 2014: move(axis=STP5, targetPos=0.25
Sun Jul 20 16:44:06 2014: cscan(axis=mgL, amplitude=3, step=0.3, time=10)
     -2.75         38         11   804850.0       10.0     107819      0.000      0.000

     -2.45         67         23   780540.0       10.0     107820      0.000      0.000

     -2.15        129         40   782180.0       10.0     107821      0.000      0.000

     -1.85        231         85   809731.0       10.0     107822      0.000      0.000

     -1.55        468        145   813267.0       10.0     107823      0.000      0.000

     -1.25        711        228   828383.0       10.0     107824      0.000      0.000

     -0.95       1144        401   846084.0       10.0     107825      0.000      0.000

     -0.65       1970        812   799188.0       10.0     107826      0.001      0.000

     -0.35       3826       1787   820928.0       10.0     107827      0.002      0.000

     -0.05       6073       3218   786481.0       10.0     107828      0.004      0.000

      0.25       7077       3794   705372.0       10.0     107829      0.005      0.000

      0.55       5488       2867   708484.0       10.0     107830      0.004      0.000

      0.85       3162       1502   724810.0       10.0     107831      0.002      0.000

      1.15       2002        869   730869.0     10.001     107832      0.001      0.000

      1.45       1642        707   746983.0       10.0     107833      0.001      0.000

      1.75       1551        674   752916.0       10.0     107834      0.001      0.000

      2.05       1264        547   774464.0       10.0     107835      0.001      0.000

      2.35        730        282   742230.0       10.0     107836      0.000      0.000

      2.65        347        132   752456.0       10.0     107837      0.000      0.000

      2.95        139         48   756236.0       10.0     107838      0.000      0.000

      3.25         65         28   774439.0       10.0     107839      0.000      0.000

Sun Jul 20 16:53:24 2014: move(axis=STP5, targetPos=0.23
Sun Jul 20 16:54:03 2014: move(axis=li, targetPos=5.8093

Sun Jul 20 16:57:27 2014: scan(axis=mvfoc, start=-200, step=100, end=1500, time=10)

Sun Jul 20 16:59:21 2014: scan(axis=mvfoc, start=0, step=100, end=1500, time=10)

Sun Jul 20 16:59:50 2014: scan(axis=mvfoc, start=0, step=100, end=1500, time=10)
      0.00       1870        877   673220.0       10.0     107841      0.001      0.000

    100.00       1800        895   629675.0       10.0     107842      0.001      0.000

    200.00       2138       1099   652466.0     10.001     107843      0.002      0.000

    200.00       2118       1084   670140.0       10.0     107844      0.002      0.000

    400.00       3126       1612   584477.0     10.003     107845      0.003      0.000

    500.00       3810       2030   556721.0       10.0     107846      0.004      0.000

    600.00       3998       2064   526384.0       10.0     107847      0.004      0.000

    700.00       3216       1588   565743.0       10.0     107848      0.003      0.000

    800.00       2438       1124   602142.0       10.0     107849      0.002      0.000

    900.00       2106        990   573601.0       10.0     107850      0.002      0.000

   1000.00       1899        851   523295.0       10.0     107851      0.002      0.000

   1100.00       1518        709   563422.0       10.0     107852      0.001      0.000

   1200.00       1345        646   588623.0       10.0     107853      0.001      0.000

   1300.00       1220        587   638496.0       10.0     107854      0.001      0.000

   1400.00       1107        522   611627.0       10.0     107855      0.001      0.000

   1500.00       1083        506   615486.0     10.008     107856      0.001      0.000

Sun Jul 20 17:06:14 2014: move(axis=STP1, targetPos=544
Sun Jul 20 17:06:21 2014: cscan(axis=mgL, amplitude=3, step=0.3, time=10)
     -2.77         33         10   790675.0       10.0     107858      0.000      0.000

     -2.47         24         10   783803.0       10.0     107859      0.000      0.000

     -2.17         44         18   754397.0       10.0     107860      0.000      0.000

     -1.87         67         28   725358.0       10.0     107861      0.000      0.000

     -1.57        140         50   698733.0       10.0     107862      0.000      0.000

     -1.27        286        102   664193.0       10.0     107863      0.000      0.000

     -0.97        527        188   640284.0       10.0     107864      0.000      0.000

     -0.67        874        329   609692.0       10.0     107865      0.001      0.000

     -0.37       1812        783   588047.0       10.0     107866      0.001      0.000

     -0.07       3288       1693   565710.0       10.0     107867      0.003      0.000

      0.23       4021       2141   504367.0       10.0     107868      0.004      0.000

      0.53       2915       1471   454836.0       10.0     107869      0.003      0.000

      0.83       1713        776   436251.0       10.0     107870      0.002      0.000

      1.13       1314        581   463184.0     10.002     107871      0.001      0.000

      1.43       1121        503   463285.0       10.0     107872      0.001      0.000

      1.73        732        315   426874.0       10.0     107873      0.001      0.000

      2.03        381        146   435114.0       10.0     107874      0.000      0.000

      2.33        141         44   420970.0       10.0     107875      0.000      0.000

      2.63         71         25   445981.0       10.0     107876      0.000      0.000

      2.93         39         17   436253.0       10.0     107877      0.000      0.000

      3.23         24         13   458140.0       10.0     107878      0.000      0.000

Sun Jul 20 17:14:04 2014: move(axis=SRV33, targetPos=2100
Sun Jul 20 17:21:14 2014: move(axis=SRV33, targetPos=2100
Sun Jul 20 17:23:12 2014: move(axis=STP1, targetPos=666
Sun Jul 20 17:23:20 2014: cscan(axis=mgL, amplitude=3, step=0.3, time=10)
Sun Jul 20 17:23:38 2014: move(axis=STP5, targetPos=0.2
Sun Jul 20 17:23:47 2014: cscan(axis=mgL, amplitude=3, step=0.3, time=10)
     -2.80         57         19   802864.0       10.0     107880      0.000      0.000

     -2.50         48         19   803409.0       10.0     107881      0.000      0.000

     -2.20         73         23   804492.0       10.0     107882      0.000      0.000

     -1.90         87         43   807580.0       10.0     107883      0.000      0.000

     -1.60        178         65   815469.0       10.0     107884      0.000      0.000

     -1.30        333        115   828955.0       10.0     107885      0.000      0.000

     -1.00        674        260   844445.0       10.0     107886      0.000      0.000

     -0.70       1302        516   859226.0     10.001     107887      0.001      0.000

     -0.40       2617       1213   871509.0       10.0     107888      0.001      0.000

     -0.10       5097       2731   878350.0       10.0     107889      0.003      0.000

      0.20       7029       3946   880324.0       10.0     107890      0.004      0.000

      0.50       5473       2977   881058.0       10.0     107891      0.003      0.000

      0.80       2923       1489   878859.0       10.0     107892      0.002      0.000

      1.10       1477        657   874786.0     10.002     107893      0.001      0.000

      1.40        808        305   864962.0       10.0     107894      0.000      0.000

      1.70        492        200   851907.0       10.0     107895      0.000      0.000

      2.00        284        123   836740.0       10.0     107896      0.000      0.000

      2.30        157         60   821842.0       10.0     107897      0.000      0.000

Sun Jul 20 17:30:19 2014: move(axis=SRV32, targetPos=39
Sun Jul 20 17:36:56 2014: move(axis=SRV32, targetPos=40
Sun Jul 20 17:40:56 2014: move(axis=STP1, targetPos=1166

Sun Jul 20 17:43:42 2014: scan(axis=mgL, start=-1.6, step=0.3, end=1.6, time=10)
     -1.60          9          6   802125.0       10.0     107900      0.000      0.000

     -1.30          5          2   802218.0       10.0     107901      0.000      0.000

     -1.00         11          5   802159.0       10.0     107902      0.000      0.000

     -0.70         14          9   802200.0       10.0     107903      0.000      0.000

     -0.40         13          6   802164.0       10.0     107904      0.000      0.000

     -0.10         12          5   802151.0       10.0     107905      0.000      0.000

      0.20         14          7   802227.0       10.0     107906      0.000      0.000

      0.50         11          6   802169.0       10.0     107907      0.000      0.000

Sun Jul 20 17:46:56 2014: move(axis=STP4, targetPos=20

Sun Jul 20 17:47:26 2014: scan(axis=mgL, start=-1.6, step=0.3, end=1.6, time=10)
     -1.60       1085        381   842116.0       10.0     107910      0.000      0.000

     -1.30       1368        517   847329.0       10.0     107911      0.001      0.000

     -1.00       1946        800   850538.0       10.0     107912      0.001      0.000

     -0.70       3355       1637   852590.0       10.0     107913      0.002      0.000

     -0.40       5500       3009   853095.0       10.0     107914      0.004      0.000

     -0.10       8642       4959   851714.0       10.0     107915      0.006      0.000

      0.20      11112       6368   849151.0       10.0     107916      0.007      0.000

      0.50      11094       6536   846234.0       10.0     107917      0.008      0.000

      0.80       8971       5098   844241.0       10.0     107918      0.006      0.000

      1.10       5951       3413   841912.0       10.0     107919      0.004      0.000

      1.40       3050       1674   838697.0       10.0     107920      0.002      0.000

Sun Jul 20 17:53:21 2014: move(axis=STP5, targetPos=0.2
Sun Jul 20 17:55:12 2014: move(axis=STP5, targetPos=0.36
Sun Jul 20 17:55:26 2014: move(axis=SRV33, targetPos=3000
Sun Jul 20 17:58:29 2014: move(axis=SRV33, targetPos=3000
