Fri Jul 11 09:58:31 2014: move(axis=STP13, targetPos=180

Fri Jul 11 16:29:30 2014: scan(axis=om, start=190, step=0.1, end=189, time=2)

Fri Jul 11 16:31:06 2014: scan(axis=om, start=190, step=0.1, end=189, time=2)
190 2.0 0 7.0 101496

189.9 2.0 0 8.0 101497

189.8 2.0 0 13.0 101498

189.7 2.0 0 8.0 101499


Fri Jul 11 16:32:09 2014: scan(axis=om, start=190, step=0.1, end=189, time=6)
    190.00        6.0        6.0          1       30.0     101500      6.000      6.481

    189.90        6.0        6.0          1       32.0     101501      6.000      6.481

189.8 6.0 0 32.0 101502

189.7 6.0 0 28.0 101503

189.6 6.0 0 29.0 101504

    189.50        6.0        6.0          1       25.0     101505      6.000      6.481

    189.40        6.0        6.0          2       33.0     101506      3.000      2.449

    189.30        6.0        6.0          2       36.0     101507      3.000      2.449

    189.20        6.0        6.0          1       21.0     101508      6.000      6.481

    189.10        6.0        6.0          2       24.0     101509      3.000      2.449

    189.00        6.0        6.0          1       30.0     101510      6.000      6.481


Fri Jul 11 16:35:45 2014: scan(axis=om, start=190, step=0.1, end=189, time=6)
    190.00          2          2          2       33.0        6.0      0.061      0.044

189.9 6.0 0 34.0 101513

    189.80          3          3          3       33.0        6.0      0.091      0.055

    189.70          4          4          4       45.0        6.0      0.089      0.046

    189.60          3          3          3       36.0        6.0      0.083      0.050


Fri Jul 11 16:39:31 2014: scan(axis=om, start=190, step=0.1, end=189, time=6)
    190.00          1          1       31.0        6.0     101520      0.032      0.033

    189.90          2          2       34.0        6.0     101521      0.059      0.043

    189.80          1          1       36.0        6.0     101522      0.028      0.028

    189.70          3          3       36.0        6.0     101523      0.083      0.050

189.6 6.0 0 43.0 101524

    189.50          1          1       33.0        6.0     101525      0.030      0.031

    189.40          1          1       37.0        6.0     101526      0.027      0.027

    189.30          2          2       33.0        6.0     101527      0.061      0.044

189.2 6.0 0 32.0 101528


Fri Jul 11 16:42:22 2014: scan(axis=om, start=190, step=0.1, end=189, time=1)
    190.00          0          0        4.0        1.0     101530      0.000      0.000

    189.90          0          0        6.0        1.0     101531      0.000      0.000

    189.80          0          0        6.0        1.0     101532      0.000      0.000

    189.70          1          1        2.0        1.0     101533      0.500      0.612

Fri Jul 11 16:43:36 2014: move(axis=SRV34, targetPos=90
Fri Jul 11 17:12:29 2014: move(axis=STP13, targetPos=180

Fri Jul 11 17:13:50 2014: scan(axis=monok, start=41, step=0.1, end=42, time=20)
     41.00        588        588   231193.0       20.0     101554      0.003      0.000

     41.10        572        572   231426.0       20.0     101555      0.002      0.000


Fri Jul 11 17:15:47 2014: scan(axis=monok, start=41, step=0.1, end=42, time=20)
     41.00        241        241    79551.0       20.0     101557      0.003      0.000

     41.10         44         44     7708.0     20.001     101559      0.006      0.001

     41.20         37         37     8151.0     20.006     101560      0.005      0.001

     41.30         50         50     8247.0       20.0     101561      0.006      0.001

     41.40         38         38     8499.0       20.0     101562      0.004      0.001

     41.50         63         63     9048.0       20.0     101563      0.007      0.001

     41.60         59         59     9585.0       20.0     101565      0.006      0.001

     41.70         59         59    10498.0     20.006     101566      0.006      0.001

     41.80         63         63    11356.0     20.005     101568      0.006      0.001

     41.90         84         84    12501.0       20.0     101570      0.007      0.001

     42.00         90         90    14389.0       20.0     101571      0.006      0.001


Fri Jul 11 17:28:17 2014: scan(axis=monok, start=42, step=0.2, end=45, time=20)
     42.00        106        106    13947.0       20.0     101573      0.008      0.001

     42.20        104        104    19309.0       20.0     101574      0.005      0.001

     42.40        136        136    28650.0       20.0     101575      0.005      0.000

     42.60        164        164    44008.0       20.0     101576      0.004      0.000

     42.80        227        227    72089.0       20.0     101577      0.003      0.000

     43.00        352        352   122674.0       20.0     101578      0.003      0.000

     43.20        573        573   200020.0       20.0     101579      0.003      0.000

     43.40        935        935   283710.0       20.0     101580      0.003      0.000

     43.60       1148       1148   341867.0       20.0     101581      0.003      0.000

     43.80       1097       1097   342373.0       20.0     101582      0.003      0.000

     44.00        824        824   282245.0       20.0     101583      0.003      0.000

     44.20        499        499   205394.0       20.0     101584      0.002      0.000

     44.40        346        346   137160.0       20.0     101585      0.003      0.000

     44.60        237        237    87453.0       20.0     101586      0.003      0.000

     44.80        177        177    55718.0     20.006     101587      0.003      0.000

     45.00        155        155    36069.0       20.0     101588      0.004      0.000

Fri Jul 11 17:39:02 2014: move(axis=STP4, targetPos=43.67
Fri Jul 11 17:42:09 2014: move(axis=STP5, targetPos=-3

Fri Jul 11 17:42:32 2014: scan(axis=mgL, start=-3, step=0.3, end=3, time=20)
     -3.00         40         40     7136.0       20.0     101590      0.006      0.001

     -2.70         31         31    11081.0       20.0     101591      0.003      0.001

     -2.40         40         40    21450.0       20.0     101592      0.002      0.000

     -2.10         44         44    45079.0       20.0     101593      0.001      0.000

     -1.80         62         62    85109.0       20.0     101594      0.001      0.000

     -1.50         69         69   135827.0       20.0     101595      0.001      0.000

     -1.20        111        111   187047.0       20.0     101596      0.001      0.000

     -0.90        190        190   238321.0       20.0     101597      0.001      0.000

     -0.60        328        328   287521.0       20.0     101598      0.001      0.000

     -0.30        634        634   326209.0       20.0     101599      0.002      0.000

     -0.00       1238       1238   349577.0       20.0     101600      0.004      0.000

      0.30       2065       2065   356389.0       20.0     101601      0.006      0.000

      0.60       3016       3016   351219.0       20.0     101602      0.009      0.000

      0.90       3619       3619   336475.0       20.0     101603      0.011      0.000

      1.20       3287       3287   307771.0       20.0     101604      0.011      0.000

      1.50       2474       2474   263021.0       20.0     101605      0.009      0.000

      1.80       1583       1583   207862.0       20.0     101606      0.008      0.000

      2.10        904        904   155157.0       20.0     101607      0.006      0.000

      2.40        449        449   106296.0     20.008     101608      0.004      0.000

      2.70        169        169    64973.0       20.0     101609      0.003      0.000


Fri Jul 11 17:56:58 2014: scan(axis=mgL, start=-2.1, step=0.3, end=2.7, time=20)
     -2.10         50         50    44818.0       20.0     101616      0.001      0.000

     -1.80         61         61    84780.0       20.0     101617      0.001      0.000

     -1.50         86         86   136616.0       20.0     101618      0.001      0.000

     -1.20        103        103   188211.0       20.0     101619      0.001      0.000

     -0.90        157        157   238546.0       20.0     101620      0.001      0.000

     -0.60        250        250   286779.0       20.0     101621      0.001      0.000

     -0.30        461        461   324267.0       20.0     101622      0.001      0.000

      0.00        745        745   347107.0       20.0     101623      0.002      0.000

      0.30        806        806   356239.0       20.0     101624      0.002      0.000

      0.60        609        609   352906.0       20.0     101625      0.002      0.000

      0.90        484        484   337057.0       20.0     101626      0.001      0.000

      1.20        675        675   304959.0       20.0     101627      0.002      0.000

      1.50        937        937   262529.0       20.0     101628      0.004      0.000

      1.80        980        980   208551.0       20.0     101629      0.005      0.000

      2.10        760        760   155620.0     20.007     101630      0.005      0.000

      2.40        329        329   107857.0       20.0     101631      0.003      0.000

      2.70        133        133    65749.0       20.0     101632      0.002      0.000


Fri Jul 11 18:08:03 2014: scan(axis=mgL, start=-2.1, step=0.3, end=2.7, time=20)
     -2.10         32         32    15164.0       20.0     101634      0.002      0.000

     -1.80         38         38    33695.0       20.0     101635      0.001      0.000

     -1.50         95         95    76773.0       20.0     101636      0.001      0.000

     -1.20        136        136   148029.0       20.0     101637      0.001      0.000

     -0.90        261        261   231695.0       20.0     101638      0.001      0.000

     -0.60        381        381   295925.0       20.0     101639      0.001      0.000

     -0.30        405        405   333408.0       20.0     101640      0.001      0.000

      0.00        503        503   350806.0       20.0     101641      0.001      0.000

      0.30        592        592   356979.0       20.0     101642      0.002      0.000

      0.60        778        778   354659.0       20.0     101643      0.002      0.000

      0.90        956        956   347203.0       20.0     101644      0.003      0.000

      1.20        999        999   332006.0       20.0     101645      0.003      0.000

      1.50        912        912   306173.0       20.0     101646      0.003      0.000

      1.80        697        696   260386.0       20.0     101647      0.003      0.000

      2.10        494        494   195108.0       20.0     101648      0.003      0.000

      2.40        263        263   122725.0       20.0     101649      0.002      0.000

      2.70        131        131    66174.0       20.0     101650      0.002      0.000


Fri Jul 11 18:18:41 2014: scan(axis=mgL, start=-2.1, step=0.3, end=2.7, time=20)
     -2.10         31         31    20565.0       20.0     101652      0.002      0.000

     -1.80         51         51    45659.0       20.0     101653      0.001      0.000

     -1.50         77         77    95905.0       20.0     101654      0.001      0.000

     -1.20        120        120   168368.0       20.0     101655      0.001      0.000

     -0.90        172        172   246631.0       20.0     101656      0.001      0.000

     -0.60        332        332   308302.0       20.0     101657      0.001      0.000

     -0.30        545        545   343328.0       20.0     101658      0.002      0.000

      0.00        647        647   359681.0       20.0     101659      0.002      0.000

      0.30        729        729   359376.0       20.0     101660      0.002      0.000

      0.60        633        633   356889.0       20.0     101661      0.002      0.000

      0.90        748        748   346684.0       20.0     101662      0.002      0.000

      1.20        861        861   329370.0       20.0     101663      0.003      0.000

      1.50       1130       1130   299349.0     20.007     101664      0.004      0.000

      1.80        916        916   245929.0       20.0     101665      0.004      0.000

      2.10        522        522   175786.0       20.0     101666      0.003      0.000

      2.40        237        237   104009.0       20.0     101667      0.002      0.000

      2.70        112        112    49845.0       20.0     101668      0.002      0.000


Fri Jul 11 18:32:24 2014: scan(axis=mgL, start=-2.1, step=0.3, end=2.7, time=10)
Fri Jul 11 18:33:59 2014: move(axis=STP1, targetPos=875

Fri Jul 11 18:34:03 2014: scan(axis=mgL, start=-2.1, step=0.3, end=2.7, time=10)
     -2.10         22         22     9182.0       10.0     101670      0.002      0.001

     -1.80         25         25    20681.0       10.0     101671      0.001      0.000

     -1.50         36         36    44707.0       10.0     101672      0.001      0.000

     -1.20         50         50    81181.0     10.008     101673      0.001      0.000

     -0.90         92         92   122957.0       10.0     101674      0.001      0.000

     -0.60        159        159   156002.0       10.0     101675      0.001      0.000

     -0.30        243        243   173800.0       10.0     101676      0.001      0.000

      0.00        318        318   179996.0       10.0     101677      0.002      0.000

      0.30        320        320   179749.0       10.0     101678      0.002      0.000

      0.60        330        330   177206.0       10.0     101679      0.002      0.000

      0.90        371        371   172397.0       10.0     101680      0.002      0.000

      1.20        458        458   164258.0       10.0     101681      0.003      0.000

      1.50        522        522   150721.0       10.0     101682      0.003      0.000

      1.80        423        423   125033.0       10.0     101683      0.003      0.000

      2.10        278        278    89558.0       10.0     101684      0.003      0.000

      2.40        129        129    52162.0       10.0     101685      0.002      0.000

      2.70         46         46    24495.0       10.0     101686      0.002      0.000

Fri Jul 11 18:39:49 2014: move(axis=STP1, targetPos=900

Fri Jul 11 18:39:52 2014: scan(axis=mgL, start=-2.1, step=0.3, end=2.7, time=10)
     -2.10         30         30     8751.0       10.0     101687      0.003      0.001

     -1.80         19         19    19445.0     10.003     101688      0.001      0.000

     -1.50         24         24    42036.0       10.0     101689      0.001      0.000

     -1.20         69         69    79729.0       10.0     101690      0.001      0.000

     -0.90        109        109   123680.0       10.0     101691      0.001      0.000

     -0.60        162        162   156468.0       10.0     101692      0.001      0.000

     -0.30        255        255   172161.0     10.003     101693      0.001      0.000

      0.00        307        307   178124.0       10.0     101694      0.002      0.000

      0.30        310        310   177365.0       10.0     101695      0.002      0.000

      0.60        329        329   178334.0       10.0     101696      0.002      0.000

      0.90        365        365   171855.0       10.0     101697      0.002      0.000

      1.20        489        489   166457.0       10.0     101698      0.003      0.000

      1.50        493        493   152669.0       10.0     101699      0.003      0.000

      1.80        447        447   127372.0       10.0     101700      0.004      0.000

      2.10        245        245    92306.0       10.0     101701      0.003      0.000

      2.40        117        117    52881.0       10.0     101702      0.002      0.000

      2.70         50         50    24920.0       10.0     101703      0.002      0.000

Fri Jul 11 18:45:36 2014: move(axis=STP1, targetPos=925

Fri Jul 11 18:45:39 2014: scan(axis=mgL, start=-2.1, step=0.3, end=2.7, time=10)
     -2.10         15         15     8196.0       10.0     101705      0.002      0.000

     -1.80         25         25    17944.0       10.0     101706      0.001      0.000

     -1.50         38         38    40218.0       10.0     101707      0.001      0.000

     -1.20         58         58    77709.0       10.0     101708      0.001      0.000

     -0.90        102        102   121660.0       10.0     101709      0.001      0.000

     -0.60        186        186   155768.0       10.0     101710      0.001      0.000

     -0.30        267        267   173853.0       10.0     101711      0.002      0.000

      0.00        295        295   179811.0       10.0     101712      0.002      0.000

      0.30        285        285   180990.0       10.0     101713      0.002      0.000

      0.60        364        364   177535.0       10.0     101714      0.002      0.000

      0.90        406        406   172335.0       10.0     101715      0.002      0.000

      1.20        478        478   165526.0       10.0     101716      0.003      0.000

      1.50        555        555   152817.0       10.0     101717      0.004      0.000

      1.80        399        399   130329.0       10.0     101718      0.003      0.000

      2.10        233        233    94412.0       10.0     101719      0.002      0.000

      2.40        106        106    54354.0       10.0     101720      0.002      0.000

      2.70         59         59    26050.0       10.0     101721      0.002      0.000

Fri Jul 11 18:51:30 2014: move(axis=STP1, targetPos=950

Fri Jul 11 18:51:34 2014: scan(axis=mgL, start=-2.1, step=0.3, end=2.7, time=10)
     -2.10         14         14     7784.0       10.0     101722      0.002      0.000

     -1.80         30         30    17040.0     10.004     101723      0.002      0.000

     -1.50         27         27    39029.0       10.0     101724      0.001      0.000

     -1.20         80         80    77161.0     10.006     101725      0.001      0.000

     -0.90        121        121   120416.0     10.003     101726      0.001      0.000

     -0.60        218        218   153653.0       10.0     101727      0.001      0.000

     -0.30        243        243   171325.0       10.0     101728      0.001      0.000

      0.00        223        223   179682.0       10.0     101729      0.001      0.000

      0.30        278        278   178988.0       10.0     101730      0.002      0.000

      0.60        384        384   177711.0       10.0     101731      0.002      0.000

      0.90        452        452   173422.0       10.0     101732      0.003      0.000

      1.20        536        536   165877.0     10.007     101733      0.003      0.000

      1.50        475        475   153129.0       10.0     101734      0.003      0.000

      1.80        398        398   130670.0       10.0     101735      0.003      0.000

      2.10        246        246    95149.0       10.0     101736      0.003      0.000

      2.40        119        119    56212.0       10.0     101737      0.002      0.000

      2.70         52         52    27790.0       10.0     101738      0.002      0.000

Fri Jul 11 18:57:17 2014: move(axis=STP1, targetPos=975

Fri Jul 11 18:57:20 2014: scan(axis=mgL, start=-2.1, step=0.3, end=2.7, time=10)
     -2.10         21         21     7711.0       10.0     101739      0.003      0.001

     -1.80         16         16    17055.0       10.0     101740      0.001      0.000

     -1.50         34         34    38214.0       10.0     101741      0.001      0.000

     -1.20         82         82    74909.0       10.0     101742      0.001      0.000

     -0.90        135        135   118835.0       10.0     101743      0.001      0.000

     -0.60        171        171   151504.0       10.0     101744      0.001      0.000

     -0.30        227        227   169966.0       10.0     101745      0.001      0.000

      0.00        248        248   177948.0     10.005     101746      0.001      0.000

      0.30        285        285   179761.0       10.0     101747      0.002      0.000

      0.60        352        352   176784.0       10.0     101748      0.002      0.000

      0.90        426        426   172898.0       10.0     101749      0.002      0.000

      1.20        468        468   165694.0       10.0     101750      0.003      0.000

      1.50        472        472   153848.0       10.0     101751      0.003      0.000

      1.80        369        369   131241.0       10.0     101752      0.003      0.000

      2.10        236        236    96535.0       10.0     101753      0.002      0.000

      2.40        113        113    58606.0       10.0     101754      0.002      0.000

      2.70         62         62    30371.0       10.0     101755      0.002      0.000

Fri Jul 11 19:03:05 2014: move(axis=STP1, targetPos=1000

Fri Jul 11 19:03:08 2014: scan(axis=mgL, start=-2.1, step=0.3, end=2.7, time=10)
     -2.10         15         15     7936.0       10.0     101757      0.002      0.000

     -1.80         31         31    17269.0       10.0     101758      0.002      0.000

     -1.50         38         38    38857.0       10.0     101759      0.001      0.000

     -1.20         80         80    74935.0       10.0     101760      0.001      0.000

     -0.90        150        150   116538.0       10.0     101761      0.001      0.000

     -0.60        180        180   149429.0       10.0     101762      0.001      0.000

     -0.30        218        218   167652.0       10.0     101763      0.001      0.000

      0.00        251        251   176846.0       10.0     101764      0.001      0.000

      0.30        306        306   179128.0     10.004     101765      0.002      0.000

      0.60        381        381   176488.0       10.0     101766      0.002      0.000

      0.90        466        466   172127.0       10.0     101767      0.003      0.000

      1.20        456        456   164942.0       10.0     101768      0.003      0.000

      1.50        448        448   152815.0       10.0     101769      0.003      0.000

      1.80        380        380   130507.0       10.0     101770      0.003      0.000

      2.10        262        262    97523.0       10.0     101771      0.003      0.000

      2.40        123        123    61804.0       10.0     101772      0.002      0.000

      2.70         67         67    33489.0       10.0     101773      0.002      0.000

Fri Jul 11 19:09:01 2014: move(axis=STP1, targetPos=1025

Fri Jul 11 19:09:04 2014: scan(axis=mgL, start=-2.1, step=0.3, end=2.7, time=10)
     -2.10         19         19     7871.0       10.0     101774      0.002      0.001

     -1.80         31         31    17589.0       10.0     101775      0.002      0.000

     -1.50         58         58    38522.0       10.0     101776      0.002      0.000

     -1.20         86         86    74602.0       10.0     101777      0.001      0.000

     -0.90        138        138   116433.0       10.0     101778      0.001      0.000

     -0.60        178        178   149880.0       10.0     101779      0.001      0.000

     -0.30        229        229   167560.0       10.0     101780      0.001      0.000

      0.00        253        253   176773.0       10.0     101781      0.001      0.000

      0.30        339        339   178861.0       10.0     101782      0.002      0.000

      0.60        363        363   178359.0       10.0     101783      0.002      0.000

      0.90        466        466   174045.0       10.0     101784      0.003      0.000

      1.20        496        496   166588.0       10.0     101785      0.003      0.000

      1.50        465        465   154121.0       10.0     101786      0.003      0.000

      1.80        340        340   131285.0       10.0     101787      0.003      0.000

      2.10        260        260    97846.0       10.0     101788      0.003      0.000

      2.40        138        138    61628.0       10.0     101789      0.002      0.000

      2.70         69         69    33337.0       10.0     101790      0.002      0.000

Fri Jul 11 19:14:51 2014: move(axis=STP1, targetPos=1050

Fri Jul 11 19:14:54 2014: scan(axis=mgL, start=-2.1, step=0.3, end=2.7, time=10)
     -2.10         17         17     8002.0       10.0     101791      0.002      0.001

     -1.80         37         37    17380.0       10.0     101792      0.002      0.000

     -1.50         33         33    38595.0       10.0     101793      0.001      0.000

     -1.20         83         83    74393.0       10.0     101794      0.001      0.000

     -0.90        135        135   115864.0       10.0     101795      0.001      0.000

     -0.60        181        181   149685.0       10.0     101796      0.001      0.000

     -0.30        213        213   168514.0       10.0     101797      0.001      0.000

      0.00        248        248   178164.0       10.0     101798      0.001      0.000

      0.30        337        337   179080.0       10.0     101799      0.002      0.000

      0.60        358        358   178168.0       10.0     101800      0.002      0.000

      0.90        450        450   175110.0       10.0     101801      0.003      0.000

      1.20        500        500   167140.0       10.0     101802      0.003      0.000

      1.50        455        455   154579.0       10.0     101803      0.003      0.000

      1.80        326        326   129712.0       10.0     101804      0.003      0.000

      2.10        285        285    97402.0       10.0     101805      0.003      0.000

      2.40        132        132    61370.0       10.0     101806      0.002      0.000

      2.70         72         72    33479.0       10.0     101807      0.002      0.000

Fri Jul 11 19:20:39 2014: move(axis=STP1, targetPos=1075

Fri Jul 11 19:20:42 2014: scan(axis=mgL, start=-2.1, step=0.3, end=2.7, time=10)
     -2.10         13         13     7992.0       10.0     101809      0.002      0.000

     -1.80         25         25    17090.0       10.0     101810      0.001      0.000

     -1.50         50         50    39044.0       10.0     101811      0.001      0.000

     -1.20         81         81    75064.0       10.0     101812      0.001      0.000

     -0.90        124        124   116870.0       10.0     101813      0.001      0.000

     -0.60        204        204   149571.0       10.0     101814      0.001      0.000

     -0.30        229        229   168474.0       10.0     101815      0.001      0.000

      0.00        268        268   177987.0       10.0     101816      0.002      0.000

      0.30        298        298   179376.0       10.0     101817      0.002      0.000

      0.60        402        402   177900.0       10.0     101818      0.002      0.000

      0.90        473        473   174142.0       10.0     101819      0.003      0.000

      1.20        478        478   166758.0     10.004     101820      0.003      0.000

      1.50        473        473   155240.0       10.0     101821      0.003      0.000

      1.80        356        356   130592.0       10.0     101822      0.003      0.000

      2.10        233        233    97186.0       10.0     101823      0.002      0.000

      2.40        142        142    61094.0       10.0     101824      0.002      0.000

      2.70         63         63    33446.0       10.0     101825      0.002      0.000

Fri Jul 11 19:26:34 2014: move(axis=STP1, targetPos=1100

Fri Jul 11 19:26:37 2014: scan(axis=mgL, start=-2.1, step=0.3, end=2.7, time=10)
     -2.10         20         20     7956.0       10.0     101827      0.003      0.001

     -1.80         28         28    17395.0       10.0     101828      0.002      0.000

     -1.50         43         43    38633.0       10.0     101829      0.001      0.000

     -1.20         75         75    74388.0       10.0     101830      0.001      0.000

     -0.90        145        145   115172.0       10.0     101831      0.001      0.000

     -0.60        203        203   149141.0       10.0     101832      0.001      0.000

     -0.30        210        210   168829.0       10.0     101833      0.001      0.000

      0.00        230        230   178824.0       10.0     101834      0.001      0.000

      0.30        295        295   180123.0       10.0     101835      0.002      0.000

      0.60        374        374   178219.0       10.0     101836      0.002      0.000

Fri Jul 11 19:32:57 2014: move(axis=STP1, targetPos=1025
Fri Jul 11 19:34:17 2014: move(axis=STP1, targetPos=1025

Fri Jul 11 19:34:20 2014: scan(axis=mgL, start=-2.1, step=0.3, end=2.7, time=10)
     -2.10         17         17     8589.0       10.0     101838      0.002      0.000

     -1.80         29         29    18424.0       10.0     101839      0.002      0.000

     -1.50         33         33    40220.0       10.0     101840      0.001      0.000

     -1.20         76         76    74085.0       10.0     101841      0.001      0.000

     -0.90        148        148   113876.0       10.0     101842      0.001      0.000

     -0.60        180        180   145389.0       10.0     101843      0.001      0.000

     -0.30        200        200   165404.0       10.0     101844      0.001      0.000

      0.00        252        252   175528.0       10.0     101845      0.001      0.000

      0.30        281        281   176988.0       10.0     101846      0.002      0.000

      0.60        373        373   176858.0       10.0     101847      0.002      0.000

      0.90        447        447   172152.0       10.0     101848      0.003      0.000

      1.20        463        463   165847.0     10.006     101849      0.003      0.000

      1.50        434        434   153143.0       10.0     101850      0.003      0.000

      1.80        316        316   129373.0       10.0     101851      0.002      0.000

      2.10        211        211    97518.0       10.0     101852      0.002      0.000

      2.40        137        137    64271.0       10.0     101853      0.002      0.000

      2.70         60         60    37185.0       10.0     101854      0.002      0.000

Fri Jul 11 19:40:05 2014: move(axis=STP1, targetPos=1050

Fri Jul 11 19:40:08 2014: scan(axis=mgL, start=-2.1, step=0.3, end=2.7, time=10)
Fri Jul 11 19:41:53 2014: move(axis=STP5, targetPos=1.5

Fri Jul 11 19:43:04 2014: scan(axis=monok, start=42.4, step=0.2, end=44.8, time=10)
     42.40         52         52    14926.0     10.007     101858      0.003      0.000

     42.60         77         77    22694.0       10.0     101859      0.003      0.000

     42.80         79         79    36404.0       10.0     101860      0.002      0.000

     43.00        131        131    60614.0       10.0     101861      0.002      0.000

     43.20        203        203    95114.0       10.0     101862      0.002      0.000

     43.40        330        330   129930.0       10.0     101863      0.003      0.000

     43.60        401        401   148946.0       10.0     101864      0.003      0.000

     43.80        334        334   142232.0       10.0     101865      0.002      0.000

     44.00        203        203   110856.0       10.0     101866      0.002      0.000

     44.20        123        123    74328.0       10.0     101867      0.002      0.000

     44.40         69         69    45100.0     10.006     101868      0.002      0.000

     44.60         41         41    26392.0       10.0     101869      0.002      0.000

     44.80         36         36    15881.0       10.0     101870      0.002      0.000

Fri Jul 11 19:49:14 2014: move(axis=STP1, targetPos=2900

Fri Jul 11 19:51:21 2014: scan(axis=mgL, start=-2.1, step=0.3, end=2.7, time=10)
     -2.10         28         28     9834.0       10.0     101872      0.003      0.001

     -1.80         76         76    16027.0       10.0     101873      0.005      0.001

     -1.50         56         56    17798.0       10.0     101874      0.003      0.000

     -1.20         61         61    18392.0       10.0     101875      0.003      0.000

     -0.90         65         65    18094.0       10.0     101876      0.004      0.000

     -0.60         47         47    17116.0       10.0     101877      0.003      0.000

     -0.30         52         52    15829.0       10.0     101878      0.003      0.000

Fri Jul 11 19:54:14 2014: move(axis=STP4, targetPos=43.6

Fri Jul 11 19:54:29 2014: scan(axis=mgL, start=-2.1, step=0.3, end=2.7, time=10)
     -2.10         82         82    33921.0       10.0     101880      0.002      0.000

     -1.80         69         69    43845.0       10.0     101881      0.002      0.000

     -1.50        100        100    57392.0     10.001     101882      0.002      0.000

     -1.20        148        148    70707.0       10.0     101883      0.002      0.000

     -0.90        221        221    82543.0       10.0     101884      0.003      0.000

     -0.60        261        261    90449.0     10.003     101885      0.003      0.000

     -0.30        283        283    95441.0       10.0     101886      0.003      0.000

      0.00        250        250    99116.0       10.0     101887      0.003      0.000

      0.30        199        199    99524.0     10.005     101888      0.002      0.000

      0.60        181        181    97225.0       10.0     101889      0.002      0.000

      0.90        199        199    94042.0       10.0     101890      0.002      0.000

      1.20        183        183    93266.0       10.0     101891      0.002      0.000

      1.50        228        228    91595.0       10.0     101892      0.002      0.000

      1.80        169        169    88683.0       10.0     101893      0.002      0.000

      2.10        122        122    84103.0       10.0     101894      0.001      0.000

      2.40        122        122    77700.0     10.002     101895      0.002      0.000

      2.70        108        108    73367.0       10.0     101896      0.001      0.000

Fri Jul 11 20:06:02 2014: move(axis=STP1, targetPos=1100
Fri Jul 11 20:06:14 2014: move(axis=STP1, targetPos=1100

Fri Jul 11 20:06:36 2014: scan(axis=mgL, start=-2.1, step=0.3, end=2.7, time=10)
     -2.10         29         29     9896.0       10.0     101898      0.003      0.001

     -1.80         45         45    21057.0       10.0     101899      0.002      0.000

     -1.50         60         60    41366.0       10.0     101900      0.001      0.000

     -1.20        124        124    68891.0       10.0     101901      0.002      0.000

     -0.90        144        144   100512.0       10.0     101902      0.001      0.000

     -0.60        159        159   128117.0       10.0     101903      0.001      0.000

     -0.30        193        193   148225.0       10.0     101904      0.001      0.000

      0.00        265        265   162241.0       10.0     101905      0.002      0.000

      0.30        337        337   169899.0       10.0     101906      0.002      0.000

      0.60        350        350   172707.0       10.0     101907      0.002      0.000

      0.90        444        444   169298.0       10.0     101908      0.003      0.000

      1.20        406        406   160758.0       10.0     101909      0.003      0.000

      1.50        409        409   144953.0       10.0     101910      0.003      0.000

      1.80        291        291   122203.0       10.0     101911      0.002      0.000

      2.10        231        231    97954.0       10.0     101912      0.002      0.000

      2.40        205        205    71979.0     10.004     101913      0.003      0.000

      2.70         82         82    48552.0       10.0     101914      0.002      0.000

Fri Jul 11 20:17:45 2014: move(axis=STP1, targetPos=1000

Fri Jul 11 20:18:41 2014: scan(axis=monok, start=42.6, step=0.2, end=44.6, time=10)
     42.60         74         74    24645.0       10.0     101916      0.003      0.000

     42.80         49         49    24806.0       10.0     101917      0.002      0.000

Fri Jul 11 20:19:59 2014: move(axis=STP4, targetPos=42.6
Fri Jul 11 20:21:08 2014: move(axis=STP5, targetPos=1.2
Fri Jul 11 20:26:02 2014: move(axis=STP5, targetPos=1.2

Fri Jul 11 20:26:15 2014: scan(axis=monok, start=42.6, step=0.2, end=44.6, time=10)
     42.60          2          2      282.0       10.0     101919      0.007      0.005

     42.80          1          1      221.0       10.0     101920      0.005      0.005

     43.00          4          4      237.0       10.0     101921      0.017      0.009

     43.20          4          4      228.0       10.0     101922      0.018      0.009

     43.40          1          1      199.0       10.0     101923      0.005      0.005

     43.60          1          1      221.0       10.0     101924      0.005      0.005

     43.80          2          2      224.0       10.0     101925      0.009      0.006

     44.00          1          1      245.0       10.0     101926      0.004      0.004


Fri Jul 11 20:29:24 2014: scan(axis=monok, start=42.6, step=0.2, end=44.6, time=10)
     42.60         75         75    23795.0       10.0     101928      0.003      0.000

     42.80         81         81    38872.0       10.0     101929      0.002      0.000

     43.00        150        150    63479.0       10.0     101930      0.002      0.000

     43.20        248        248   100829.0       10.0     101931      0.002      0.000

     43.40        354        354   140856.0       10.0     101932      0.003      0.000

     43.60        500        500   165759.0       10.0     101933      0.003      0.000

     43.80        450        450   159932.0       10.0     101934      0.003      0.000

     44.00        331        331   127885.0       10.0     101935      0.003      0.000

     44.20        175        175    86024.0       10.0     101936      0.002      0.000

     44.40         99         99    53390.0       10.0     101937      0.002      0.000

     44.60         61         61    31541.0       10.0     101938      0.002      0.000

Fri Jul 11 20:34:06 2014: move(axis=STP4, targetPos=43.66

Fri Jul 11 20:56:58 2014: scan(axis=s2th, start=44, step=0.3, end=41, time=10)

Fri Jul 11 21:00:30 2014: scan(axis=s2th, start=44, step=0.3, end=41, time=10)
     44.00         92         92    41149.0       10.0     101940      0.002      0.000

     43.70         76         76    41440.0       10.0     101941      0.002      0.000

     43.40         83         83    41081.0       10.0     101943      0.002      0.000

     43.10         81         81    41326.0       10.0     101944      0.002      0.000

     42.80         73         73    41415.0       10.0     101945      0.002      0.000

     42.50         88         88    41354.0       10.0     101947      0.002      0.000

     42.20         78         78    41263.0       10.0     101948      0.002      0.000

     41.90         89         89    41293.0       10.0     101949      0.002      0.000

     41.60         92         92    41268.0       10.0     101950      0.002      0.000


Fri Jul 11 21:07:32 2014: scan(axis=s2th, start=86.5, step=0.3, end=83.5, time=10)
Fri Jul 11 21:12:29 2014: move(axis=SRV34, targetPos=60

Fri Jul 11 21:14:03 2014: scan(axis=s2th, start=86.5, step=0.3, end=83.5, time=10)
     86.50         78         78    41740.0       10.0     101958      0.002      0.000

     86.20         83         83    41253.0       10.0     101959      0.002      0.000

     85.90        131        131    41402.0       10.0     101961      0.003      0.000

     85.60        230        230    41574.0       10.0     101962      0.006      0.000

     85.30        364        364    42007.0       10.0     101963      0.009      0.000

     85.00        410        410    41722.0       10.0     101964      0.010      0.000

     84.70        399        399    41814.0       10.0     101966      0.010      0.000

     84.40        313        313    41030.0       10.0     101967      0.008      0.000

     84.10        249        249    41382.0       10.0     101968      0.006      0.000

     83.80        145        145    41629.0       10.0     101970      0.003      0.000

     83.50        108        108    41692.0       10.0     101971      0.003      0.000

Fri Jul 11 21:24:08 2014: move(axis=SRV34, targetPos=-83

Fri Jul 11 21:29:38 2014: scan(axis=s2th, start=-83, step=0.3, end=-86.8, time=10)
    -83.00         97         97    41048.0       10.0     101973      0.002      0.000

    -83.30        142        142    40918.0       10.0     101975      0.003      0.000

    -83.60        204        204    41674.0       10.0     101976      0.005      0.000

    -83.90        319        319    41572.0       10.0     101977      0.008      0.000

    -84.20        397        397    41188.0       10.0     101979      0.010      0.000

    -84.50        436        436    41122.0       10.0     101980      0.011      0.001

    -84.80        361        361    41444.0       10.0     101981      0.009      0.000

    -85.10        265        265    41607.0       10.0     101982      0.006      0.000

    -85.40        161        161    41334.0       10.0     101984      0.004      0.000

    -85.70        118        118    41745.0       10.0     101985      0.003      0.000

    -86.00        105        105    41538.0       10.0     101986      0.003      0.000

    -86.30         85         85    41511.0       10.0     101987      0.002      0.000

    -86.60         93         93    41552.0       10.0     101989      0.002      0.000

Fri Jul 11 21:47:10 2014: move(axis=SRV32, targetPos=46
Fri Jul 11 21:51:12 2014: move(axis=SRV34, targetPos=-110
Fri Jul 11 21:54:06 2014: move(axis=SRV34, targetPos=-115
Fri Jul 11 21:55:32 2014: move(axis=SRV34, targetPos=-120

Fri Jul 11 22:09:17 2014: scan(axis=s2th, start=-119, step=0.1, end=-15, time=20)
   -119.00          2          2      316.0       20.0     101991      0.006      0.004

   -118.90          7          7      310.0       20.0     101992      0.023      0.009

   -118.80          6          6      299.0       20.0     101993      0.020      0.008

   -118.70          6          6      277.0       20.0     101994      0.022      0.009

   -118.60          5          5      315.0       20.0     101995      0.016      0.007

   -118.50          6          6      291.0       20.0     101997      0.021      0.009

   -118.40          6          6      280.0       20.0     101998      0.021      0.009

   -118.30          8          8      280.0       20.0     102000      0.029      0.010

   -118.20          5          5      313.0       20.0     102001      0.016      0.007

   -118.10          7          7      296.0       20.0     102003      0.024      0.009

   -118.00          5          5      267.0       20.0     102004      0.019      0.008

   -117.90          2          2      289.0       20.0     102006      0.007      0.005

   -117.80          2          2      254.0       20.0     102007      0.008      0.006

   -117.70          1          1      319.0       20.0     102009      0.003      0.003

   -117.60          7          7      262.0     20.003     102010      0.027      0.010

   -117.50          6          6      301.0       20.0     102012      0.020      0.008

   -117.40          7          7      297.0       20.0     102013      0.024      0.009

   -117.30          7          7      252.0     20.003     102015      0.028      0.011

   -117.20          5          5      277.0       20.0     102016      0.018      0.008

   -117.10          5          5      282.0       20.0     102018      0.018      0.008

   -117.00          5          5      280.0       20.0     102019      0.018      0.008

   -116.90          1          1      278.0       20.0     102021      0.004      0.004

   -116.80          4          4      283.0       20.0     102022      0.014      0.007

   -116.70          1          1      281.0       20.0     102024      0.004      0.004

   -116.60          5          5      267.0       20.0     102025      0.019      0.008

   -116.50          1          1      265.0       20.0     102026      0.004      0.004

   -116.40          6          6      278.0       20.0     102027      0.022      0.009

   -116.30          4          4      293.0       20.0     102029      0.014      0.007

   -116.20          9          9      311.0       20.0     102030      0.029      0.010

   -116.10          2          2      253.0       20.0     102032      0.008      0.006

   -116.00          9          9      271.0       20.0     102033      0.033      0.011

   -115.90          2          2      275.0       20.0     102035      0.007      0.005

   -115.80          8          8      300.0       20.0     102036      0.027      0.010

   -115.70          3          3      260.0       20.0     102038      0.012      0.007

   -115.60          7          7      282.0       20.0     102039      0.025      0.009

   -115.50          7          7      283.0       20.0     102041      0.025      0.009

   -115.40          6          6      235.0       20.0     102042      0.026      0.011

   -115.30          4          4      266.0       20.0     102044      0.015      0.008

   -115.20         11         11      259.0       20.0     102045      0.042      0.013

   -115.10          4          4      230.0       20.0     102047      0.017      0.009

   -115.00          2          2      258.0       20.0     102048      0.008      0.006

   -114.90          6          6      249.0       20.0     102050      0.024      0.010

   -114.80          5          5      273.0       20.0     102051      0.018      0.008

   -114.70          3          3      264.0       20.0     102053      0.011      0.007

   -114.60          6          6      236.0       20.0     102054      0.025      0.011

   -114.50          2          2      258.0       20.0     102056      0.008      0.006

   -114.40          4          4      245.0       20.0     102057      0.016      0.008

   -114.30          8          8      265.0       20.0     102059      0.030      0.011

   -114.20          4          4      259.0       20.0     102060      0.015      0.008

   -114.10          6          6      250.0       20.0     102062      0.024      0.010

   -114.00          5          5      258.0       20.0     102063      0.019      0.009

   -113.90          5          5      261.0       20.0     102065      0.019      0.009

   -113.80          5          5      235.0       20.0     102066      0.021      0.010

   -113.70          8          8      249.0       20.0     102068      0.032      0.012

   -113.60          6          6      256.0       20.0     102069      0.023      0.010

   -113.50          5          5      264.0       20.0     102071      0.019      0.009

   -113.40          3          3      209.0       20.0     102072      0.014      0.008

   -113.30          6          6      251.0       20.0     102074      0.024      0.010

   -113.20          5          5      235.0       20.0     102075      0.021      0.010

   -113.10          6          6      243.0       20.0     102077      0.025      0.010

   -113.00         12         12      264.0       20.0     102078      0.045      0.013

   -112.90          6          6      271.0       20.0     102080      0.022      0.009

   -112.80          6          6      241.0       20.0     102081      0.025      0.010

   -112.70          3          3      233.0       20.0     102083      0.013      0.007

   -112.60          4          4      260.0       20.0     102084      0.015      0.008

   -112.50          6          6      244.0       20.0     102086      0.025      0.010

   -112.40          5          5      242.0       20.0     102087      0.021      0.009

   -112.30          4          4      228.0       20.0     102089      0.018      0.009

   -112.20          3          3      240.0       20.0     102090      0.013      0.007

   -112.10          4          4      233.0       20.0     102092      0.017      0.009

   -112.00          5          5      237.0       20.0     102093      0.021      0.010

   -111.90          2          2      225.0       20.0     102095      0.009      0.006

   -111.80          2          2      250.0       20.0     102096      0.008      0.006

   -111.70          8          8      227.0       20.0     102098      0.035      0.013

   -111.60          6          6      243.0       20.0     102099      0.025      0.010

   -111.50          2          2      247.0       20.0     102101      0.008      0.006

   -111.40         12         12      234.0       20.0     102102      0.051      0.015

   -111.30          2          2      248.0       20.0     102104      0.008      0.006

   -111.20          7          7      245.0       20.0     102105      0.029      0.011

   -111.10          5          5      226.0       20.0     102107      0.022      0.010

   -111.00          6          6      202.0       20.0     102108      0.030      0.012

   -110.90          4          4      239.0       20.0     102110      0.017      0.008

   -110.80          6          6      219.0       20.0     102111      0.027      0.011

   -110.70          5          5      253.0       20.0     102113      0.020      0.009

   -110.60          3          3      230.0       20.0     102114      0.013      0.008

   -110.50          1          1      247.0       20.0     102116      0.004      0.004

   -110.40          5          5      219.0     20.003     102117      0.023      0.010

   -110.30          4          4      232.0       20.0     102119      0.017      0.009

   -110.20          1          1      243.0       20.0     102120      0.004      0.004

   -110.10          2          2      206.0       20.0     102122      0.010      0.007

   -110.00          4          4      231.0       20.0     102123      0.017      0.009

   -109.90          6          6      213.0       20.0     102125      0.028      0.012

   -109.80         10         10      208.0       20.0     102126      0.048      0.016

   -109.70          3          3      222.0       20.0     102128      0.014      0.008

   -109.60          1          1      202.0       20.0     102129      0.005      0.005

   -109.50          4          4      230.0       20.0     102131      0.017      0.009

   -109.40          6          6      258.0       20.0     102132      0.023      0.010

   -109.30          5          5      217.0       20.0     102134      0.023      0.010

   -109.20          4          4      241.0       20.0     102135      0.017      0.008

   -109.10          7          7      204.0       20.0     102137      0.034      0.013

   -109.00          6          6      223.0       20.0     102138      0.027      0.011

   -108.90         10         10      209.0       20.0     102140      0.048      0.015

   -108.80          7          7      206.0       20.0     102141      0.034      0.013

   -108.70          5          5      221.0       20.0     102143      0.023      0.010

   -108.60          9          9      241.0       20.0     102144      0.037      0.013

   -108.50          3          3      237.0       20.0     102146      0.013      0.007

   -108.40          7          7      215.0       20.0     102147      0.033      0.013

   -108.30          3          3      210.0       20.0     102149      0.014      0.008

   -108.20          4          4      251.0       20.0     102150      0.016      0.008

   -108.10          2          2      244.0       20.0     102152      0.008      0.006

   -108.00          6          6      205.0       20.0     102153      0.029      0.012

   -107.90          5          5      250.0       20.0     102155      0.020      0.009

   -107.80          4          4      217.0       20.0     102156      0.018      0.009

   -107.70          9          9      219.0       20.0     102158      0.041      0.014

   -107.60          4          4      208.0       20.0     102159      0.019      0.010

   -107.50          1          1      191.0       20.0     102161      0.005      0.005

   -107.40          2          2      205.0     20.007     102162      0.010      0.007

   -107.30          5          5      225.0       20.0     102164      0.022      0.010

   -107.20          3          3      222.0       20.0     102165      0.014      0.008

   -107.10          5          5      222.0       20.0     102167      0.023      0.010

   -107.00          7          7      241.0       20.0     102168      0.029      0.011

   -106.90          7          7      191.0       20.0     102170      0.037      0.014

   -106.80          3          3      227.0       20.0     102171      0.013      0.008

   -106.70          2          2      206.0       20.0     102173      0.010      0.007

   -106.60          5          5      216.0       20.0     102174      0.023      0.010

   -106.50          6          6      223.0       20.0     102176      0.027      0.011

   -106.40          4          4      198.0       20.0     102177      0.020      0.010

   -106.30          7          7      234.0     20.006     102179      0.030      0.011

   -106.20          5          5      226.0       20.0     102180      0.022      0.010

   -106.10          7          7      194.0       20.0     102182      0.036      0.014

   -106.00          5          5      198.0       20.0     102183      0.025      0.011

   -105.90          5          5      233.0       20.0     102185      0.021      0.010

   -105.80          3          3      226.0       20.0     102186      0.013      0.008

   -105.70          4          4      197.0       20.0     102188      0.020      0.010

   -105.60          3          3      213.0       20.0     102189      0.014      0.008

   -105.50          2          2      200.0       20.0     102191      0.010      0.007

   -105.40          7          7      229.0       20.0     102192      0.031      0.012

   -105.30          5          5      220.0       20.0     102194      0.023      0.010

   -105.20          3          3      214.0       20.0     102195      0.014      0.008

   -105.10          4          4      195.0       20.0     102197      0.021      0.010

   -105.00          2          2      180.0       20.0     102198      0.011      0.008

   -104.90          4          4      214.0       20.0     102200      0.019      0.009

   -104.80          4          4      209.0       20.0     102201      0.019      0.010

   -104.70          5          5      228.0       20.0     102203      0.022      0.010

   -104.60          4          4      189.0       20.0     102204      0.021      0.011

   -104.50          3          3      212.0       20.0     102206      0.014      0.008

   -104.40          7          7      194.0       20.0     102207      0.036      0.014

