Tue Jul 15 00:51:45 2014: move(axis=STP5, targetPos=-1.0

Tue Jul 15 00:51:49 2014: scan(axis=mvfoc, start=500, step=20, end=1500, time=20)
    500.00          9          9     7300.0       20.0     100051      0.001      0.000

    520.00         10         10     8916.0       20.0     100052      0.001      0.000

    540.00         10         10    10586.0       20.0     100053      0.001      0.000

    560.00          8          8    12675.0       20.0     100054      0.001      0.000

    580.00          7          7    15743.0       20.0     100055      0.000      0.000

    600.00          8          8    18897.0     20.003     100056      0.000      0.000

    620.00         23         23    22365.0     20.001     100057      0.001      0.000

    640.00         21         21    26524.0       20.0     100058      0.001      0.000

    660.00         22         22    31399.0       20.0     100059      0.001      0.000

    680.00         22         22    36364.0       20.0     100060      0.001      0.000

    700.00         30         30    42965.0       20.0     100061      0.001      0.000

    720.00         33         33    49482.0       20.0     100062      0.001      0.000

    740.00         38         38    57935.0       20.0     100063      0.001      0.000

    760.00         49         49    66199.0       20.0     100064      0.001      0.000

    780.00         45         45    75083.0       20.0     100065      0.001      0.000

    800.00         66         66    83826.0       20.0     100066      0.001      0.000

    820.00         65         65    92009.0     20.004     100067      0.001      0.000

    840.00         74         74    99059.0       20.0     100068      0.001      0.000

    860.00         78         78   105452.0       20.0     100069      0.001      0.000

    880.00         86         86   109247.0       20.0     100070      0.001      0.000

    900.00         86         86   109402.0       20.0     100071      0.001      0.000

    920.00         87         87   107014.0       20.0     100072      0.001      0.000

    940.00        110        110   105758.0       20.0     100073      0.001      0.000

    960.00        134        134   102743.0       20.0     100074      0.001      0.000

    980.00        181        181   102525.0       20.0     100075      0.002      0.000

   1000.00        137        137    98146.0       20.0     100076      0.001      0.000

   1020.00        138        138    97842.0       20.0     100077      0.001      0.000

   1040.00        178        178    94676.0       20.0     100078      0.002      0.000

   1060.00        209        209    93424.0       20.0     100079      0.002      0.000

   1080.00        204        204    91900.0       20.0     100080      0.002      0.000

   1100.00        220        220    90748.0       20.0     100081      0.002      0.000

   1120.00        211        211    88957.0       20.0     100082      0.002      0.000

   1140.00        223        223    87158.0       20.0     100084      0.003      0.000

   1160.00        239        239    85299.0       20.0     100085      0.003      0.000

   1180.00        227        227    85072.0       20.0     100086      0.003      0.000

   1200.00        242        242    84187.0       20.0     100087      0.003      0.000

   1220.00        221        221    82832.0       20.0     100088      0.003      0.000

   1240.00        236        236    81847.0       20.0     100089      0.003      0.000

   1260.00        231        231    81635.0       20.0     100090      0.003      0.000

   1280.00        243        243    81552.0       20.0     100091      0.003      0.000

   1300.00        265        265    80503.0       20.0     100092      0.003      0.000

   1320.00        282        282    80740.0     20.002     100093      0.003      0.000

   1340.00        266        266    79131.0       20.0     100094      0.003      0.000

   1360.00        233        233    78667.0       20.0     100095      0.003      0.000

   1380.00        213        213    79202.0       20.0     100096      0.003      0.000

   1400.00        241        241    78098.0       20.0     100097      0.003      0.000

   1420.00        247        247    77371.0       20.0     100098      0.003      0.000

   1440.00        220        220    77406.0       20.0     100099      0.003      0.000

   1460.00        254        254    76459.0       20.0     100100      0.003      0.000

   1480.00        220        220    76598.0       20.0     100101      0.003      0.000

   1500.00        242        242    77048.0       20.0     100102      0.003      0.000

Tue Jul 15 01:17:38 2014: move(axis=STP5, targetPos=-0.5

Tue Jul 15 01:17:42 2014: scan(axis=mvfoc, start=500, step=20, end=1500, time=20)
    500.00        333        333   142729.0       20.0     100103      0.002      0.000

    520.00        315        315   143560.0       20.0     100104      0.002      0.000

    540.00        294        294   144030.0     20.005     100105      0.002      0.000

    560.00        262        262   144042.0       20.0     100106      0.002      0.000

    580.00        229        229   147736.0       20.0     100107      0.002      0.000

    600.00        209        209   147069.0       20.0     100108      0.001      0.000

    620.00        248        248   148888.0     20.002     100109      0.002      0.000

    640.00        213        213   151561.0       20.0     100110      0.001      0.000

    660.00        200        200   153216.0       20.0     100111      0.001      0.000

    680.00        208        208   152851.0       20.0     100112      0.001      0.000

    700.00        169        169   155165.0       20.0     100113      0.001      0.000

    720.00        184        184   157985.0       20.0     100114      0.001      0.000

    740.00        197        197   160485.0       20.0     100115      0.001      0.000

    760.00        178        178   162900.0       20.0     100116      0.001      0.000

    780.00        199        199   164488.0       20.0     100117      0.001      0.000

    800.00        218        218   167123.0     20.001     100118      0.001      0.000

    820.00        249        249   165750.0       20.0     100119      0.002      0.000

    840.00        223        223   168793.0       20.0     100120      0.001      0.000

    860.00        240        240   168608.0       20.0     100121      0.001      0.000

    880.00        256        256   169842.0       20.0     100122      0.002      0.000

    900.00        261        261   169785.0       20.0     100123      0.002      0.000

    920.00        304        304   168185.0       20.0     100124      0.002      0.000

    940.00        312        312   166565.0       20.0     100125      0.002      0.000

    960.00        358        358   164498.0       20.0     100126      0.002      0.000

    980.00        344        344   164625.0       20.0     100127      0.002      0.000

   1000.00        338        338   159132.0       20.0     100128      0.002      0.000

   1020.00        401        401   158058.0       20.0     100129      0.003      0.000

   1040.00        379        379   156692.0       20.0     100130      0.002      0.000

   1060.00        372        372   161392.0       20.0     100131      0.002      0.000

   1080.00        420        420   172970.0       20.0     100132      0.002      0.000

   1100.00        488        488   188123.0       20.0     100133      0.003      0.000

   1120.00        574        574   204112.0       20.0     100134      0.003      0.000

   1140.00        622        622   223485.0       20.0     100135      0.003      0.000

   1160.00        708        708   244488.0       20.0     100136      0.003      0.000

   1180.00        751        751   267325.0       20.0     100137      0.003      0.000

   1200.00        841        841   288155.0       20.0     100138      0.003      0.000

   1220.00        877        877   294823.0       20.0     100139      0.003      0.000

   1240.00        845        845   288775.0       20.0     100140      0.003      0.000

   1260.00        846        846   281268.0       20.0     100141      0.003      0.000

   1280.00        842        841   277148.0       20.0     100142      0.003      0.000

   1300.00        796        796   269997.0       20.0     100143      0.003      0.000

   1320.00        775        775   264487.0       20.0     100144      0.003      0.000

   1340.00        786        786   260260.0       20.0     100145      0.003      0.000

   1360.00        764        764   256742.0       20.0     100146      0.003      0.000

   1380.00        782        782   253860.0       20.0     100147      0.003      0.000

   1400.00        677        677   251475.0       20.0     100148      0.003      0.000

   1420.00        703        703   246377.0     20.003     100149      0.003      0.000

   1440.00        723        723   243516.0       20.0     100150      0.003      0.000

   1460.00        655        655   240109.0       20.0     100151      0.003      0.000

   1480.00        699        699   237362.0       20.0     100152      0.003      0.000

   1500.00        680        680   234670.0       20.0     100153      0.003      0.000

Tue Jul 15 01:43:29 2014: move(axis=STP5, targetPos=0.0

Tue Jul 15 01:43:33 2014: scan(axis=mvfoc, start=500, step=20, end=1500, time=20)
    500.00       1767       1767   401621.0       20.0     100154      0.004      0.000

    520.00       1728       1728   405144.0       20.0     100155      0.004      0.000

    540.00       1634       1634   408894.0       20.0     100156      0.004      0.000

    560.00       1594       1594   414312.0       20.0     100157      0.004      0.000

    580.00       1612       1612   423469.0       20.0     100158      0.004      0.000

    600.00       1635       1635   428592.0       20.0     100159      0.004      0.000

    620.00       1508       1508   434601.0       20.0     100160      0.003      0.000

    640.00       1490       1490   436283.0       20.0     100161      0.003      0.000

    660.00       1481       1481   438059.0       20.0     100162      0.003      0.000

    680.00       1429       1429   442497.0       20.0     100163      0.003      0.000

    700.00       1485       1485   447583.0       20.0     100164      0.003      0.000

    720.00       1420       1420   449732.0       20.0     100165      0.003      0.000

    740.00       1367       1367   454293.0       20.0     100166      0.003      0.000

    760.00       1371       1371   454802.0       20.0     100167      0.003      0.000

    780.00       1466       1466   457970.0       20.0     100168      0.003      0.000

    800.00       1452       1452   460944.0       20.0     100169      0.003      0.000

    820.00       1408       1408   463288.0       20.0     100170      0.003      0.000

    840.00       1481       1481   462443.0       20.0     100171      0.003      0.000

    860.00       1456       1456   460427.0       20.0     100172      0.003      0.000

    880.00       1425       1425   460263.0       20.0     100173      0.003      0.000

    900.00       1379       1379   457560.0       20.0     100174      0.003      0.000

    920.00       1395       1395   456572.0       20.0     100175      0.003      0.000

    940.00       1442       1442   456423.0       20.0     100176      0.003      0.000

    960.00       1507       1507   453400.0       20.0     100177      0.003      0.000

    980.00       1373       1373   451571.0       20.0     100178      0.003      0.000

   1000.00       1520       1520   451505.0       20.0     100179      0.003      0.000

   1020.00       1345       1345   447913.0     20.005     100180      0.003      0.000

   1040.00       1377       1377   442387.0     20.002     100181      0.003      0.000

   1060.00       1388       1388   434747.0       20.0     100182      0.003      0.000

   1080.00       1303       1303   427491.0       20.0     100183      0.003      0.000

   1100.00       1258       1258   421553.0       20.0     100184      0.003      0.000

   1120.00       1209       1209   415165.0       20.0     100185      0.003      0.000

   1140.00       1250       1250   410903.0       20.0     100186      0.003      0.000

   1160.00       1151       1151   402887.0     20.004     100187      0.003      0.000

   1180.00       1162       1162   394538.0       20.0     100188      0.003      0.000

   1200.00       1090       1090   385430.0       20.0     100189      0.003      0.000

   1220.00       1109       1109   379232.0       20.0     100190      0.003      0.000

   1240.00       1129       1129   371884.0       20.0     100191      0.003      0.000

   1260.00       1053       1053   363981.0       20.0     100192      0.003      0.000

   1280.00       1045       1045   355695.0     20.006     100193      0.003      0.000

   1300.00       1027       1027   350528.0       20.0     100194      0.003      0.000

   1320.00        931        931   341456.0       20.0     100195      0.003      0.000

   1340.00        989        989   336450.0       20.0     100196      0.003      0.000

   1360.00        988        988   330372.0     20.003     100197      0.003      0.000

   1380.00        947        947   324443.0       20.0     100198      0.003      0.000

   1400.00        907        907   316655.0       20.0     100199      0.003      0.000

   1420.00        923        923   309513.0       20.0     100200      0.003      0.000

   1440.00        906        906   303307.0       20.0     100201      0.003      0.000

   1460.00        902        902   300383.0     20.004     100202      0.003      0.000

   1480.00        861        861   291254.0       20.0     100203      0.003      0.000

   1500.00        846        846   287862.0       20.0     100204      0.003      0.000

Tue Jul 15 02:09:18 2014: move(axis=STP5, targetPos=0.5

Tue Jul 15 02:09:21 2014: scan(axis=mvfoc, start=500, step=20, end=1500, time=20)
    500.00       2444       2444   416326.0       20.0     100205      0.006      0.000

    520.00       2423       2423   420775.0       20.0     100206      0.006      0.000

    540.00       2538       2538   430645.0       20.0     100207      0.006      0.000

    560.00       2688       2688   438938.0       20.0     100208      0.006      0.000

    580.00       2701       2701   442968.0       20.0     100209      0.006      0.000

    600.00       2704       2704   446842.0       20.0     100210      0.006      0.000

    620.00       2780       2780   451671.0       20.0     100211      0.006      0.000

    640.00       2758       2758   458089.0       20.0     100212      0.006      0.000

    660.00       2764       2764   459337.0       20.0     100213      0.006      0.000

Tue Jul 15 09:11:09 2014: move(axis=STP5, targetPos=0

Tue Jul 15 09:12:06 2014: scan(axis=mvfoc, start=500, step=50, end=1700, time=10)

Tue Jul 15 09:19:17 2014: scan(axis=mvfoc, start=500, step=50, end=1700, time=10)
    500.00        918        918   186720.0       10.0     100236      0.005      0.000

    550.00        818        818   191232.0       10.0     100237      0.004      0.000

    600.00        806        806   197673.0       10.0     100238      0.004      0.000

    650.00        766        766   203088.0       10.0     100239      0.004      0.000

    700.00        674        674   208073.0     10.006     100240      0.003      0.000

    750.00        674        674   210491.0       10.0     100241      0.003      0.000

    800.00        699        699   212987.0       10.0     100242      0.003      0.000

    850.00        741        741   213449.0       10.0     100243      0.003      0.000

    900.00        718        718   212903.0       10.0     100244      0.003      0.000

    950.00        676        676   212505.0     10.006     100245      0.003      0.000

   1000.00        661        661   209578.0     10.005     100246      0.003      0.000

   1050.00        685        685   206802.0       10.0     100247      0.003      0.000

   1100.00        571        571   199063.0       10.0     100248      0.003      0.000

   1150.00        546        546   188808.0       10.0     100249      0.003      0.000

   1200.00        542        542   180998.0       10.0     100250      0.003      0.000

   1250.00        500        500   173370.0       10.0     100251      0.003      0.000

   1300.00        492        492   164745.0       10.0     100252      0.003      0.000

   1350.00        459        459   156327.0       10.0     100253      0.003      0.000

   1400.00        423        423   148877.0       10.0     100254      0.003      0.000

   1450.00        419        419   141079.0       10.0     100255      0.003      0.000

   1500.00        407        407   135769.0       10.0     100256      0.003      0.000

   1550.00        363        363   131202.0       10.0     100257      0.003      0.000

   1600.00        368        368   127136.0       10.0     100258      0.003      0.000

   1650.00        375        375   125068.0       10.0     100259      0.003      0.000

   1700.00        375        375   122455.0       10.0     100260      0.003      0.000

Tue Jul 15 09:28:17 2014: move(axis=STP5, targetPos=0.5

Tue Jul 15 09:29:51 2014: scan(axis=mvfoc, start=500, step=50, end=1700, time=10)
    500.00       1220       1220   197009.0       10.0     100264      0.006      0.000

    550.00       1230       1230   205082.0       10.0     100265      0.006      0.000

    600.00       1217       1217   211866.0       10.0     100266      0.006      0.000

    650.00       1385       1384   218148.0       10.0     100267      0.006      0.000

    700.00       1362       1362   219526.0       10.0     100268      0.006      0.000

    750.00       1325       1325   221216.0       10.0     100269      0.006      0.000

    800.00       1215       1215   220206.0       10.0     100270      0.006      0.000

    850.00       1129       1129   219919.0       10.0     100271      0.005      0.000

    900.00       1012       1012   220357.0       10.0     100272      0.005      0.000

    950.00        875        875   219533.0       10.0     100273      0.004      0.000

   1000.00        922        922   217436.0       10.0     100274      0.004      0.000

   1050.00        767        767   215080.0       10.0     100275      0.004      0.000

   1100.00        738        738   211293.0       10.0     100276      0.003      0.000

   1150.00        673        673   207706.0       10.0     100277      0.003      0.000

   1200.00        610        610   198838.0       10.0     100278      0.003      0.000

   1250.00        577        577   192760.0       10.0     100279      0.003      0.000

   1300.00        536        536   182710.0       10.0     100280      0.003      0.000

   1350.00        486        486   171541.0       10.0     100281      0.003      0.000

   1400.00        474        474   162921.0       10.0     100282      0.003      0.000

   1450.00        483        483   154563.0     10.004     100283      0.003      0.000

   1500.00        473        473   146922.0       10.0     100284      0.003      0.000

   1550.00        439        439   140232.0       10.0     100285      0.003      0.000

   1600.00        426        426   135954.0       10.0     100286      0.003      0.000

   1650.00        448        448   131435.0       10.0     100287      0.003      0.000

   1700.00        452        452   127818.0       10.0     100288      0.004      0.000

Tue Jul 15 09:38:32 2014: move(axis=STP5, targetPos=1

Tue Jul 15 09:38:44 2014: scan(axis=mvfoc, start=300, step=50, end=1700, time=10)
    300.00        784        784   149611.0       10.0     100289      0.005      0.000

    350.00        798        798   155893.0       10.0     100290      0.005      0.000

    400.00        841        841   162629.0       10.0     100291      0.005      0.000

    450.00        959        959   169009.0       10.0     100292      0.006      0.000

    500.00       1041       1041   177638.0       10.0     100293      0.006      0.000

    550.00       1185       1185   186336.0       10.0     100294      0.006      0.000

    600.00       1301       1301   194650.0       10.0     100295      0.007      0.000

    650.00       1337       1336   203539.0       10.0     100296      0.007      0.000

    700.00       1381       1381   211313.0       10.0     100297      0.007      0.000

    750.00       1333       1333   216167.0       10.0     100298      0.006      0.000

    800.00       1338       1338   218828.0     10.003     100299      0.006      0.000

    850.00       1288       1288   218925.0     10.002     100300      0.006      0.000

    900.00       1178       1178   219192.0       10.0     100301      0.005      0.000

    950.00        970        970   219256.0       10.0     100302      0.004      0.000

   1000.00        866        866   216687.0       10.0     100303      0.004      0.000

   1050.00        776        776   215394.0       10.0     100304      0.004      0.000

   1100.00        721        721   212940.0     10.001     100306      0.003      0.000

   1150.00        599        599   207840.0       10.0     100307      0.003      0.000

   1200.00        514        514   201070.0       10.0     100308      0.003      0.000

   1250.00        542        541   193868.0     10.002     100309      0.003      0.000

   1300.00        487        487   183401.0       10.0     100310      0.003      0.000

   1350.00        451        451   173899.0       10.0     100311      0.003      0.000

   1400.00        461        461   162813.0       10.0     100312      0.003      0.000

   1450.00        407        407   154259.0       10.0     100313      0.003      0.000

   1500.00        410        410   146820.0       10.0     100314      0.003      0.000

Tue Jul 15 09:47:16 2014: move(axis=STP1, targetPos=700

Tue Jul 15 09:48:05 2014: scan(axis=monok, start=42.6, step=0.1, end=44.6, time=10)
     42.60         82         82    21782.0     10.004     100316      0.004      0.000

     42.70        106        106    26596.0       10.0     100317      0.004      0.000

     42.80        129        129    33337.0       10.0     100318      0.004      0.000

     42.90        157        157    41836.0       10.0     100319      0.004      0.000

     43.00        174        174    53940.0       10.0     100320      0.003      0.000

     43.10        275        275    68126.0       10.0     100321      0.004      0.000

     43.20        364        364    87370.0       10.0     100322      0.004      0.000

     43.30        454        454   110354.0       10.0     100323      0.004      0.000

     43.40        672        672   137961.0       10.0     100324      0.005      0.000

     43.50       1007       1007   166428.0       10.0     100325      0.006      0.000

     43.60       1179       1179   195281.0       10.0     100326      0.006      0.000

     43.70       1529       1528   219745.0       10.0     100327      0.007      0.000

     43.80       1759       1759   236363.0       10.0     100328      0.007      0.000

     43.90       1929       1929   241584.0       10.0     100329      0.008      0.000

     44.00       1838       1838   237799.0       10.0     100330      0.008      0.000

     44.10       1542       1542   221727.0       10.0     100331      0.007      0.000

     44.20       1277       1277   198811.0       10.0     100332      0.006      0.000

     44.30        950        950   170749.0       10.0     100333      0.006      0.000

     44.40        692        692   140649.0       10.0     100334      0.005      0.000

     44.50        448        448   112334.0       10.0     100335      0.004      0.000

     44.60        350        350    87303.0       10.0     100336      0.004      0.000

Tue Jul 15 09:56:52 2014: move(axis=STP4, targetPos=43.9

Tue Jul 15 09:57:11 2014: scan(axis=mvfoc, start=300, step=50, end=1700, time=10)
    300.00       1050       1050   175209.0       10.0     100338      0.006      0.000

    350.00       1126       1126   180372.0       10.0     100339      0.006      0.000

    400.00       1254       1254   185997.0       10.0     100340      0.007      0.000

    450.00       1343       1343   194188.0       10.0     100341      0.007      0.000

    500.00       1385       1385   203580.0       10.0     100342      0.007      0.000

    550.00       1546       1546   213808.0       10.0     100343      0.007      0.000

    600.00       1825       1825   223764.0     10.002     100344      0.008      0.000

    650.00       1885       1885   233281.0       10.0     100345      0.008      0.000

    700.00       1947       1947   241514.0       10.0     100346      0.008      0.000

    750.00       1863       1863   246804.0       10.0     100347      0.008      0.000

    800.00       1705       1705   250791.0       10.0     100348      0.007      0.000

    850.00       1645       1645   251677.0       10.0     100349      0.007      0.000

    900.00       1535       1535   252554.0       10.0     100350      0.006      0.000

    950.00       1425       1425   252224.0       10.0     100351      0.006      0.000

   1000.00       1212       1212   251980.0       10.0     100352      0.005      0.000

   1050.00       1041       1041   250577.0       10.0     100353      0.004      0.000

   1100.00       1004       1004   248964.0       10.0     100354      0.004      0.000

   1150.00        891        891   243893.0       10.0     100355      0.004      0.000

   1200.00        799        799   238581.0       10.0     100356      0.003      0.000

   1250.00        773        773   228609.0       10.0     100357      0.003      0.000

   1300.00        667        667   215268.0       10.0     100358      0.003      0.000

   1350.00        644        644   203086.0       10.0     100359      0.003      0.000

   1400.00        655        655   190831.0       10.0     100360      0.003      0.000

   1450.00        615        615   180452.0       10.0     100361      0.003      0.000

   1500.00        571        571   169990.0       10.0     100362      0.003      0.000

   1550.00        551        551   162848.0       10.0     100363      0.003      0.000

   1600.00        521        521   156972.0       10.0     100364      0.003      0.000

   1650.00        540        540   152490.0       10.0     100365      0.004      0.000

   1700.00        531        531   150094.0       10.0     100367      0.004      0.000

Tue Jul 15 10:07:06 2014: move(axis=STP1, targetPos=700
Tue Jul 15 10:07:19 2014: move(axis=STP5, targetPos=3
Tue Jul 15 10:07:33 2014: move(axis=STP5, targetPos=3.6

Tue Jul 15 10:08:21 2014: scan(axis=mgL, start=-0.9, step=0.3, end=3, time=10)
     -0.90        119        119   171579.0       10.0     100369      0.001      0.000

     -0.60        229        229   203502.0       10.0     100370      0.001      0.000

     -0.30        449        449   233274.0       10.0     100371      0.002      0.000

     -0.00        899        899   252258.0       10.0     100372      0.004      0.000

      0.30       1411       1411   258658.0       10.0     100373      0.005      0.000

      0.60       1975       1975   256352.0       10.0     100374      0.008      0.000

      0.90       1950       1950   247999.0       10.0     100375      0.008      0.000

      1.20       1581       1581   227955.0       10.0     100376      0.007      0.000

      1.50       1106       1106   195149.0       10.0     100377      0.006      0.000

      1.80        659        659   155283.0       10.0     100379      0.004      0.000

      2.10        327        327   118389.0       10.0     100380      0.003      0.000

      2.40        132        132    85191.0       10.0     100381      0.002      0.000

      2.70         60         60    54336.0       10.0     100382      0.001      0.000

      3.00         37         37    29516.0       10.0     100383      0.001      0.000

Tue Jul 15 10:14:58 2014: move(axis=STP5, targetPos=0.8

Tue Jul 15 10:15:31 2014: scan(axis=mvfoc, start=0, step=50, end=1500, time=10)
      0.00        901        901   158181.0     10.004     100385      0.006      0.000

     50.00        877        877   157788.0       10.0     100386      0.006      0.000

    100.00        901        901   159726.0       10.0     100387      0.006      0.000

    150.00        959        959   163009.0       10.0     100388      0.006      0.000

    200.00        938        938   167202.0       10.0     100389      0.006      0.000

    250.00       1045       1045   174182.0       10.0     100390      0.006      0.000

    300.00       1025       1025   181757.0       10.0     100391      0.006      0.000

    350.00       1156       1156   188025.0       10.0     100392      0.006      0.000

    400.00       1251       1251   196768.0       10.0     100393      0.006      0.000

    450.00       1312       1312   206695.0       10.0     100394      0.006      0.000

    500.00       1599       1599   217293.0       10.0     100395      0.007      0.000

    550.00       1817       1817   227787.0       10.0     100396      0.008      0.000

    600.00       1881       1881   237351.0       10.0     100397      0.008      0.000

    650.00       1974       1974   244955.0       10.0     100398      0.008      0.000

    700.00       2031       2031   251005.0       10.0     100399      0.008      0.000

    750.00       1969       1969   255053.0       10.0     100400      0.008      0.000

    800.00       1877       1877   256291.0       10.0     100401      0.007      0.000

    850.00       1627       1627   254833.0       10.0     100402      0.006      0.000

    900.00       1372       1372   255953.0       10.0     100403      0.005      0.000

    950.00       1423       1423   256688.0       10.0     100404      0.006      0.000

   1000.00       1247       1247   256829.0       10.0     100405      0.005      0.000

   1050.00       1098       1098   255216.0       10.0     100406      0.004      0.000

   1100.00        982        982   253096.0       10.0     100407      0.004      0.000

   1150.00        923        923   249150.0       10.0     100408      0.004      0.000

   1200.00        855        855   242537.0       10.0     100409      0.004      0.000

   1250.00        784        784   233136.0       10.0     100410      0.003      0.000

   1300.00        754        754   220144.0       10.0     100411      0.003      0.000

   1350.00        679        679   208327.0       10.0     100412      0.003      0.000

   1400.00        701        701   195493.0       10.0     100413      0.004      0.000

   1450.00        634        634   183988.0       10.0     100414      0.003      0.000

   1500.00        596        596   171220.0       10.0     100415      0.003      0.000

Tue Jul 15 10:35:14 2014: move(axis=STP12, targetPos=-45

Tue Jul 15 10:35:50 2014: scan(axis=strY, start=-45, step=6, end=45, time=10)
    -45.00         66         66   171275.0       10.0     100417      0.000      0.000

    -39.00         64         64   170075.0       10.0     100418      0.000      0.000

Tue Jul 15 10:37:07 2014: move(axis=STP1, targetPos=700

Tue Jul 15 10:37:12 2014: scan(axis=strY, start=-45, step=6, end=45, time=10)
    -45.00        160        160   249639.0       10.0     100421      0.001      0.000

    -39.00        147        147   250617.0       10.0     100422      0.001      0.000

    -33.00        168        168   249814.0       10.0     100423      0.001      0.000

    -27.00        318        318   249432.0       10.0     100424      0.001      0.000

    -21.00        595        595   250520.0       10.0     100425      0.002      0.000

    -15.00       1160       1160   249993.0     10.005     100426      0.005      0.000

     -9.00       1632       1632   250447.0       10.0     100427      0.007      0.000

     -3.00       1981       1981   249803.0       10.0     100428      0.008      0.000

      3.00       1909       1909   250050.0       10.0     100429      0.008      0.000

      9.00       1682       1682   250353.0       10.0     100430      0.007      0.000

     15.00       1129       1128   249644.0       10.0     100431      0.005      0.000

     21.00        624        624   249150.0       10.0     100432      0.003      0.000

     27.00        286        286   249960.0       10.0     100433      0.001      0.000

     33.00        186        186   249805.0       10.0     100434      0.001      0.000

     39.00        158        158   251094.0       10.0     100435      0.001      0.000

     45.00        174        174   252281.0       10.0     100436      0.001      0.000

Tue Jul 15 11:01:42 2014: move(axis=STP12, targetPos=0
Tue Jul 15 11:04:10 2014: move(axis=STP4, targetPos=60
Tue Jul 15 11:04:30 2014: move(axis=SRV32, targetPos=120.62

Tue Jul 15 11:07:20 2014: scan(axis=monok, start=59, step=0.1, end=61, time=10)
     59.00         83         83    26129.0       10.0     100438      0.003      0.000

     59.10         90         90    33571.0       10.0     100439      0.003      0.000

     59.20        138        138    44366.0       10.0     100440      0.003      0.000

     59.30        159        159    57840.0       10.0     100441      0.003      0.000

     59.40        262        262    75133.0     10.002     100442      0.003      0.000

     59.50        314        314    96275.0     10.002     100443      0.003      0.000

     59.60        465        465   119817.0       10.0     100444      0.004      0.000

     59.70        654        654   143048.0       10.0     100445      0.005      0.000

     59.80        816        816   163512.0       10.0     100446      0.005      0.000

     59.90        990        990   178178.0       10.0     100447      0.006      0.000

     60.00       1107       1107   185436.0       10.0     100448      0.006      0.000

     60.10        995        995   184024.0       10.0     100449      0.005      0.000

     60.20        866        866   175609.0       10.0     100450      0.005      0.000

     60.30        702        702   160010.0       10.0     100451      0.004      0.000

     60.40        513        513   138146.0       10.0     100452      0.004      0.000

     60.50        377        377   115590.0       10.0     100453      0.003      0.000

     60.60        274        274    93168.0       10.0     100454      0.003      0.000

     60.70        188        188    73417.0       10.0     100455      0.003      0.000

     60.80        146        146    56726.0       10.0     100456      0.003      0.000

     60.90         90         90    43618.0       10.0     100457      0.002      0.000

     61.00         89         89    33806.0       10.0     100458      0.003      0.000

Tue Jul 15 11:15:31 2014: move(axis=STP4, targetPos=60

Tue Jul 15 11:16:11 2014: scan(axis=mvfoc, start=0, step=50, end=1500, time=10)
      0.00        495        495   111916.0       10.0     100460      0.004      0.000

     50.00        540        540   112055.0       10.0     100461      0.005      0.000

    100.00        564        564   113792.0       10.0     100462      0.005      0.000

    150.00        566        566   116176.0       10.0     100463      0.005      0.000

    200.00        590        590   120743.0       10.0     100464      0.005      0.000

    250.00        636        636   124976.0       10.0     100465      0.005      0.000

    300.00        676        676   130390.0       10.0     100466      0.005      0.000

    350.00        772        772   137052.0       10.0     100467      0.006      0.000

    400.00        824        824   144252.0       10.0     100468      0.006      0.000

    450.00        902        902   152664.0       10.0     100469      0.006      0.000

    500.00        938        938   160544.0       10.0     100470      0.006      0.000

    550.00       1045       1045   169202.0       10.0     100471      0.006      0.000

    600.00       1091       1091   175933.0       10.0     100472      0.006      0.000

    650.00       1116       1116   181056.0       10.0     100473      0.006      0.000

    700.00        997        997   186416.0     10.002     100474      0.005      0.000

    750.00       1012       1012   188157.0       10.0     100475      0.005      0.000

    800.00        912        912   189158.0       10.0     100476      0.005      0.000

    850.00        832        832   189329.0       10.0     100477      0.004      0.000

    900.00        693        693   186922.0       10.0     100478      0.004      0.000

    950.00        648        648   184715.0       10.0     100479      0.004      0.000

   1000.00        572        572   180681.0       10.0     100480      0.003      0.000

   1050.00        512        512   172452.0       10.0     100481      0.003      0.000

   1100.00        450        450   158667.0       10.0     100482      0.003      0.000

   1150.00        416        416   147276.0     10.009     100483      0.003      0.000

   1200.00        373        373   133888.0       10.0     100484      0.003      0.000

   1250.00        408        408   122354.0       10.0     100485      0.003      0.000

   1300.00        342        342   112835.0       10.0     100486      0.003      0.000

   1350.00        346        346   106176.0       10.0     100487      0.003      0.000

   1400.00        280        280    99609.0       10.0     100488      0.003      0.000

   1450.00        270        270    93583.0     10.004     100489      0.003      0.000

   1500.00        286        286    89077.0       10.0     100490      0.003      0.000

Tue Jul 15 11:28:01 2014: move(axis=STP1, targetPos=-300
Tue Jul 15 11:33:07 2014: move(axis=STP1, targetPos=622

Tue Jul 15 11:33:39 2014: scan(axis=mgL, start=-0.9, step=0.3, end=3, time=10)
     -0.90         66         66   106880.0       10.0     100492      0.001      0.000

     -0.60        109        109   134108.0       10.0     100493      0.001      0.000

     -0.30        243        243   158365.0       10.0     100494      0.002      0.000

     -0.00        553        553   178154.0       10.0     100495      0.003      0.000

      0.30        843        843   184837.0       10.0     100496      0.005      0.000

      0.60       1110       1110   184386.0       10.0     100497      0.006      0.000

      0.90       1019       1019   173485.0       10.0     100498      0.006      0.000

      1.20        808        808   152104.0       10.0     100499      0.005      0.000

      1.50        519        519   122840.0       10.0     100500      0.004      0.000

      1.80        206        206    92360.0       10.0     100501      0.002      0.000

      2.10         92         92    63884.0       10.0     100502      0.001      0.000

      2.40         49         49    36922.0       10.0     100503      0.001      0.000

      2.70         34         34    18343.0       10.0     100504      0.002      0.000

      3.00         19         19     8935.0       10.0     100505      0.002      0.000

Tue Jul 15 11:40:25 2014: move(axis=STP5, targetPos=0.725

Tue Jul 15 11:40:43 2014: scan(axis=strY, start=-45, step=6, end=45, time=10)
    -45.00         97         97   180425.0       10.0     100507      0.001      0.000

    -39.00         98         98   181397.0     10.003     100508      0.001      0.000

    -33.00        119        119   182725.0       10.0     100509      0.001      0.000

    -27.00        147        147   182244.0       10.0     100510      0.001      0.000

    -21.00        296        296   181467.0       10.0     100511      0.002      0.000

    -15.00        566        566   180645.0       10.0     100512      0.003      0.000

     -9.00        811        811   180484.0       10.0     100513      0.004      0.000

     -3.00       1049       1049   181528.0     10.003     100514      0.006      0.000

      3.00       1108       1108   181636.0       10.0     100515      0.006      0.000

      9.00        952        952   181221.0       10.0     100516      0.005      0.000

     15.00        669        669   180949.0       10.0     100517      0.004      0.000

     21.00        385        385   181010.0       10.0     100518      0.002      0.000

     27.00        213        213   180928.0       10.0     100519      0.001      0.000

     33.00        102        102   181270.0       10.0     100520      0.001      0.000

     39.00        112        112   181306.0       10.0     100521      0.001      0.000

     45.00        102        102   181060.0       10.0     100522      0.001      0.000

Tue Jul 15 11:52:27 2014: move(axis=STP12, targetPos=0
Tue Jul 15 11:54:07 2014: move(axis=SRV32, targetPos=40.62
Tue Jul 15 12:00:59 2014: move(axis=STP4, targetPos=20
Tue Jul 15 12:01:59 2014: move(axis=STP4, targetPos=20
Tue Jul 15 12:02:36 2014: move(axis=STP4, targetPos=19
Tue Jul 15 12:03:03 2014: move(axis=STP4, targetPos=19

Tue Jul 15 12:03:30 2014: scan(axis=monok, start=19, step=0.1, end=21, time=10)
     19.00        105        105    13833.0       10.0     100524      0.008      0.001

     19.10        160        160    18254.0       10.0     100525      0.009      0.001

     19.20        232        232    23823.0       10.0     100526      0.010      0.001

     19.30        374        374    31920.0       10.0     100527      0.012      0.001

     19.40        442        442    41993.0     10.001     100528      0.011      0.001

     19.50        620        620    54260.0       10.0     100529      0.011      0.000

     19.60        842        842    67984.0       10.0     100530      0.012      0.000

     19.70       1069       1069    81900.0       10.0     100531      0.013      0.000

     19.80       1343       1343    94946.0       10.0     100532      0.014      0.000

     19.90       1432       1432   105029.0       10.0     100533      0.014      0.000

     20.00       1446       1446   108609.0       10.0     100534      0.013      0.000

     20.10       1283       1283   105951.0       10.0     100535      0.012      0.000

     20.20       1129       1129    97575.0       10.0     100536      0.012      0.000

     20.30        816        816    85052.0       10.0     100537      0.010      0.000

     20.40        604        604    70423.0       10.0     100538      0.009      0.000

     20.50        432        432    55865.0       10.0     100539      0.008      0.000

     20.60        311        311    42117.0       10.0     100540      0.007      0.000

     20.70        204        204    30587.0       10.0     100541      0.007      0.000

     20.80        147        147    22522.0       10.0     100542      0.007      0.001

     20.90        104        104    16744.0       10.0     100543      0.006      0.001

     21.00         77         77    11990.0       10.0     100544      0.006      0.001


Tue Jul 15 13:02:19 2014: scan(axis=monok, start=18.8, step=0.1, end=21.2, time=10)
     18.80         67         67     8135.0       10.0     100546      0.008      0.001

     18.90         88         88    10470.0       10.0     100547      0.008      0.001

     19.00        115        115    13544.0       10.0     100548      0.008      0.001

     19.10        156        156    17874.0     10.007     100549      0.009      0.001

     19.20        214        214    23690.0       10.0     100550      0.009      0.001

     19.30        318        318    31631.0       10.0     100551      0.010      0.001

     19.40        436        436    40715.0       10.0     100552      0.011      0.001

     19.50        603        603    53239.0       10.0     100553      0.011      0.000

     19.60        772        772    67038.0       10.0     100554      0.012      0.000

     19.70       1102       1102    81251.0       10.0     100555      0.014      0.000

     19.80       1267       1267    94019.0     10.005     100556      0.013      0.000

     19.90       1366       1366   102741.0       10.0     100557      0.013      0.000

     20.00       1354       1354   106799.0       10.0     100558      0.013      0.000

     20.10       1339       1339   104239.0       10.0     100559      0.013      0.000

     20.20       1090       1090    96159.0       10.0     100560      0.011      0.000

     20.30        866        866    83659.0       10.0     100561      0.010      0.000

     20.40        631        631    69048.0       10.0     100562      0.009      0.000

     20.50        455        455    54648.0       10.0     100563      0.008      0.000

     20.60        291        291    41096.0       10.0     100564      0.007      0.000

     20.70        199        199    30586.0       10.0     100565      0.007      0.000

     20.80        163        163    21879.0       10.0     100566      0.007      0.001

     20.90        101        101    16264.0       10.0     100567      0.006      0.001

     21.00        100        100    11951.0       10.0     100568      0.008      0.001

     21.10         75         75     9312.0       10.0     100569      0.008      0.001

     21.20         44         44     7119.0       10.0     100570      0.006      0.001

Tue Jul 15 13:14:37 2014: move(axis=STP4, targetPos=19.96

Tue Jul 15 13:15:16 2014: scan(axis=mvfoc, start=0, step=50, end=1500, time=10)
      0.00       1033       1033    80409.0       10.0     100572      0.013      0.000

     50.00        985        985    80757.0       10.0     100573      0.012      0.000

    100.00       1038       1038    80649.0       10.0     100574      0.013      0.000

    150.00       1016       1016    81928.0       10.0     100575      0.012      0.000

    200.00       1070       1070    82995.0       10.0     100576      0.013      0.000

    250.00       1023       1023    84047.0       10.0     100578      0.012      0.000

    300.00       1032       1032    86285.0       10.0     100579      0.012      0.000

    350.00       1114       1114    88127.0       10.0     100580      0.013      0.000

    400.00       1104       1104    90629.0       10.0     100581      0.012      0.000

    450.00       1229       1229    93147.0       10.0     100582      0.013      0.000

    500.00       1182       1182    96490.0       10.0     100583      0.012      0.000

    550.00       1304       1304    99631.0       10.0     100584      0.013      0.000

    600.00       1363       1363   103678.0       10.0     100585      0.013      0.000

    650.00       1419       1419   108471.0       10.0     100586      0.013      0.000

    700.00       1586       1586   112940.0       10.0     100587      0.014      0.000

    750.00       1707       1707   117043.0       10.0     100588      0.015      0.000

    800.00       1759       1759   120409.0       10.0     100589      0.015      0.000

    850.00       1692       1692   124749.0     10.003     100590      0.014      0.000

    900.00       1718       1718   125699.0       10.0     100591      0.014      0.000

    950.00       1748       1748   126732.0       10.0     100592      0.014      0.000

   1000.00       1696       1696   127370.0       10.0     100593      0.013      0.000

   1050.00       1696       1696   127728.0       10.0     100594      0.013      0.000

   1100.00       1626       1626   127560.0       10.0     100595      0.013      0.000

   1150.00       1612       1612   128426.0     10.003     100596      0.013      0.000

   1200.00       1611       1611   126956.0       10.0     100597      0.013      0.000

   1250.00       1568       1568   126871.0       10.0     100598      0.012      0.000

   1300.00       1570       1570   126807.0       10.0     100599      0.012      0.000

   1350.00       1579       1579   126795.0     10.006     100600      0.012      0.000

   1400.00       1555       1555   126234.0       10.0     100601      0.012      0.000

   1450.00       1453       1453   126490.0       10.0     100602      0.011      0.000

   1500.00       1407       1407   127101.0       10.0     100603      0.011      0.000

Tue Jul 15 13:27:24 2014: move(axis=STP1, targetPos=800

Tue Jul 15 13:28:42 2014: scan(axis=mgL, start=-0.9, step=0.3, end=2.1, time=10)
     -0.90        317        317    98486.0       10.0     100605      0.003      0.000

     -0.60        526        526   107400.0       10.0     100606      0.005      0.000

     -0.30        754        754   114484.0       10.0     100607      0.007      0.000

     -0.00       1108       1108   120270.0       10.0     100609      0.009      0.000

      0.30       1287       1287   122330.0       10.0     100610      0.011      0.000

      0.60       1596       1596   122448.0       10.0     100611      0.013      0.000

      0.90       1872       1872   118342.0       10.0     100612      0.016      0.000

      1.20       1739       1739   110684.0       10.0     100613      0.016      0.000

      1.50       1729       1729   100078.0       10.0     100614      0.017      0.000

      1.80       1569       1569    89333.0       10.0     100615      0.018      0.000

      2.10       1263       1263    77996.0       10.0     100616      0.016      0.000

Tue Jul 15 13:36:03 2014: move(axis=STP5, targetPos=0.7

Tue Jul 15 13:36:17 2014: scan(axis=strY, start=-45, step=6, end=45, time=10)
    -45.00         90         90   122276.0       10.0     100618      0.001      0.000

    -39.00         90         90   121756.0       10.0     100619      0.001      0.000

    -33.00        104        104   122153.0       10.0     100620      0.001      0.000

    -27.00        171        171   121000.0       10.0     100621      0.001      0.000

    -21.00        437        437   120735.0       10.0     100622      0.004      0.000

    -15.00        974        974   121790.0       10.0     100623      0.008      0.000

     -9.00       1394       1394   121699.0       10.0     100624      0.011      0.000

     -3.00       1659       1659   121224.0       10.0     100625      0.014      0.000

      3.00       1682       1682   121894.0     10.003     100626      0.014      0.000

      9.00       1254       1254   121514.0       10.0     100627      0.010      0.000

     15.00        765        765   122372.0       10.0     100628      0.006      0.000

     21.00        462        462   121608.0       10.0     100629      0.004      0.000

     27.00        202        202   121745.0       10.0     100630      0.002      0.000

     33.00        120        120   122191.0     10.005     100631      0.001      0.000

     39.00         92         92   121073.0       10.0     100632      0.001      0.000

     45.00         94         94   120994.0       10.0     100633      0.001      0.000

Tue Jul 15 13:47:11 2014: move(axis=STP4, targetPos=43.9
Tue Jul 15 13:47:32 2014: move(axis=STP12, targetPos=0
Tue Jul 15 13:48:06 2014: move(axis=SRV32, targetPos=88.42

Tue Jul 15 13:52:32 2014: scan(axis=monok, start=42.9, step=0.1, end=44.9, time=10)
     42.90        140        140    42046.0       10.0     100635      0.003      0.000

     43.00        184        184    53286.0       10.0     100636      0.003      0.000

     43.10        248        248    68430.0       10.0     100637      0.004      0.000

     43.20        325        325    86821.0       10.0     100638      0.004      0.000

     43.30        427        427   109774.0     10.002     100639      0.004      0.000

     43.40        600        600   137049.0       10.0     100640      0.004      0.000

     43.50          0          0    18277.0      1.126     100641      0.000      0.000

     43.60       1161       1161   195553.0       10.0     100642      0.006      0.000

     43.70       1416       1416   221897.0       10.0     100643      0.006      0.000

     43.80       1747       1747   242102.0       10.0     100644      0.007      0.000

     43.90       1822       1822   252259.0       10.0     100645      0.007      0.000

     44.00       1772       1772   250403.0       10.0     100646      0.007      0.000

     44.10       1513       1513   238668.0       10.0     100647      0.006      0.000

     44.20       1233       1233   216788.0       10.0     100648      0.006      0.000

     44.30        905        905   189712.0       10.0     100649      0.005      0.000

     44.40        629        629   159123.0       10.0     100650      0.004      0.000

     44.50        483        483   129072.0       10.0     100651      0.004      0.000

     44.60        355        355   102709.0       10.0     100652      0.003      0.000

     44.70        257        257    78992.0       10.0     100653      0.003      0.000

     44.80        169        169    61080.0       10.0     100654      0.003      0.000

     44.90        156        156    46776.0       10.0     100655      0.003      0.000

Tue Jul 15 14:25:50 2014: move(axis=STP28, targetPos=1000
Tue Jul 15 14:26:36 2014: move(axis=STP28, targetPos=1000
Tue Jul 15 14:27:39 2014: move(axis=SRV34, targetPos=85.6
Tue Jul 15 15:16:50 2014: move(axis=SRV34, targetPos=85.6
Tue Jul 15 15:21:35 2014: move(axis=SRV34, targetPos=85.6
Tue Jul 15 17:00:33 2014: move(axis=SRV32, targetPos=88.42
Tue Jul 15 17:02:45 2014: move(axis=SRV32, targetPos=88
Tue Jul 15 17:03:15 2014: move(axis=SRV32, targetPos=88.42
Tue Jul 15 17:04:43 2014: move(axis=SRV34, targetPos=85.8

Tue Jul 15 17:07:02 2014: scan(axis=s2th, start=85.8, step=0.1, end=83.8, time=10)

Tue Jul 15 17:10:56 2014: scan(axis=s2th, start=85.8, step=0.1, end=83.8, time=10)

Tue Jul 15 17:12:34 2014: scan(axis=s2th, start=85.8, step=0.1, end=83.8, time=10)
Tue Jul 15 17:14:19 2014: move(axis=SRV34, targetPos=88.5

Tue Jul 15 17:14:45 2014: scan(axis=s2th, start=85.8, step=0.1, end=83.8, time=10)
     85.80         81         81    47462.0       10.0     100661      0.002      0.000

     85.70         88         88    47645.0       10.0     100662      0.002      0.000

     85.60         77         77    47573.0       10.0     100663      0.002      0.000

     85.50        106        106    46791.0       10.0     100664      0.002      0.000

     85.40        115        115    47378.0       10.0     100665      0.002      0.000

     85.30        113        113    48002.0       10.0     100666      0.002      0.000

     85.20        101        101    47003.0       10.0     100667      0.002      0.000

     85.10        161        161    46997.0       10.0     100668      0.003      0.000

     85.00        122        122    47468.0       10.0     100669      0.003      0.000

     84.90        176        176    47758.0     10.002     100671      0.004      0.000

     84.80        188        188    47291.0       10.0     100672      0.004      0.000

     84.70        218        218    47527.0       10.0     100673      0.005      0.000

     84.60        224        224    47341.0       10.0     100674      0.005      0.000

     84.50        222        222    47424.0       10.0     100675      0.005      0.000

     84.40        227        227    47594.0       10.0     100676      0.005      0.000

     84.30        224        224    47753.0       10.0     100677      0.005      0.000

     84.20        255        255    47728.0       10.0     100678      0.005      0.000

     84.10        227        227    47454.0       10.0     100679      0.005      0.000

     84.00        199        199    47258.0       10.0     100680      0.004      0.000

     83.90        182        182    47320.0       10.0     100681      0.004      0.000

     83.80        195        195    47762.0       10.0     100682      0.004      0.000


Tue Jul 15 17:25:12 2014: scan(axis=s2th, start=83.7, step=0.1, end=832, time=10)

Tue Jul 15 17:25:29 2014: scan(axis=s2th, start=83.7, step=0.1, end=83.2, time=10)
     83.70        148        148    47929.0       10.0     100685      0.003      0.000

     83.60        125        125    47513.0       10.0     100686      0.003      0.000

     83.50        129        129    47818.0     10.002     100688      0.003      0.000

     83.40        115        115    47401.0       10.0     100689      0.002      0.000

     83.30         77         77    47287.0       10.0     100690      0.002      0.000

     83.20         84         84    47523.0       10.0     100691      0.002      0.000

Tue Jul 15 17:33:40 2014: move(axis=SRV34, targetPos=-83

Tue Jul 15 17:39:03 2014: scan(axis=s2th, start=-83, step=0.1, end=-86, time=15)
    -83.00        121        121    71846.0       15.0     100693      0.002      0.000

    -83.10        127        127    71576.0       15.0     100694      0.002      0.000

    -83.20        133        133    70933.0       15.0     100695      0.002      0.000

    -83.30        171        171    71349.0       15.0     100696      0.002      0.000

    -83.40        187        187    71717.0       15.0     100697      0.003      0.000

    -83.50        211        211    71835.0       15.0     100698      0.003      0.000

    -83.60        214        214    71748.0     15.001     100699      0.003      0.000

    -83.70        258        258    70752.0       15.0     100700      0.004      0.000

    -83.80        218        218    71580.0       15.0     100701      0.003      0.000

    -83.90        241        241    71496.0       15.0     100702      0.003      0.000

    -84.00        304        304    70900.0       15.0     100703      0.004      0.000

    -84.10        324        324    71253.0       15.0     100704      0.005      0.000

    -84.20        321        321    71470.0       15.0     100705      0.004      0.000

    -84.30        302        302    71529.0     15.003     100706      0.004      0.000

    -84.40        335        335    71804.0       15.0     100707      0.005      0.000

    -84.50        285        285    71249.0       15.0     100708      0.004      0.000

    -84.60        339        339    71869.0       15.0     100709      0.005      0.000

    -84.70        274        274    71629.0       15.0     100711      0.004      0.000

    -84.80        298        298    70857.0       15.0     100712      0.004      0.000

    -84.90        247        247    70810.0       15.0     100713      0.003      0.000

    -85.00        264        264    71370.0       15.0     100714      0.004      0.000

    -85.10        226        226    71163.0       15.0     100715      0.003      0.000

    -85.20        203        203    71366.0       15.0     100716      0.003      0.000

    -85.30        187        187    71863.0       15.0     100717      0.003      0.000

    -85.40        187        187    72002.0       15.0     100718      0.003      0.000

    -85.50        171        171    71671.0       15.0     100719      0.002      0.000

    -85.60        150        150    71356.0       15.0     100720      0.002      0.000

    -85.70        143        143    71294.0       15.0     100721      0.002      0.000

    -85.80        123        123    71873.0       15.0     100722      0.002      0.000

    -85.90        150        150    71597.0       15.0     100723      0.002      0.000

    -86.00        109        109    71252.0       15.0     100724      0.002      0.000

Tue Jul 15 18:00:48 2014: move(axis=SRV32, targetPos=74.02
Tue Jul 15 18:02:55 2014: move(axis=STP4, targetPos=36.7

Tue Jul 15 18:05:18 2014: scan(axis=s2th, start=-68.3, step=0.2, end=-71.7, time=15)
    -68.30        509        509   312177.0       15.0     100726      0.002      0.000

    -68.50        533        533   313508.0       15.0     100727      0.002      0.000

    -68.70        541        541   311926.0       15.0     100729      0.002      0.000

    -68.90        502        502   310894.0       15.0     100730      0.002      0.000

    -69.10        494        494   313784.0       15.0     100731      0.002      0.000

    -69.30        553        553   314738.0       15.0     100732      0.002      0.000

    -69.50        694        694   311388.0       15.0     100733      0.002      0.000

    -69.70        840        840   312052.0       15.0     100734      0.003      0.000

    -69.90       1174       1174   311955.0       15.0     100735      0.004      0.000

    -70.10       1489       1489   313417.0       15.0     100736      0.005      0.000

    -70.30       1771       1771   312667.0       15.0     100737      0.006      0.000

    -70.50       2004       2004   311819.0       15.0     100738      0.006      0.000

    -70.70       2183       2183   312145.0       15.0     100739      0.007      0.000

    -70.90       2149       2149   311541.0     15.006     100740      0.007      0.000

    -71.10       1968       1968   310640.0       15.0     100741      0.006      0.000

    -71.30       1716       1716   311975.0       15.0     100742      0.006      0.000

    -71.50       1398       1398   310641.0       15.0     100743      0.005      0.000

    -71.70       1057       1057   311989.0     15.002     100744      0.003      0.000

Tue Jul 15 19:19:58 2014: cscan(axis=om, amplitude=1, step=0.2, time=1)
Tue Jul 15 19:20:09 2014: move(axis=STP13, targetPos=5
Tue Jul 15 19:21:39 2014: move(axis=STP25, targetPos=0
Tue Jul 15 19:22:03 2014: cscan(axis=ath, amplitude=1, step=0.2, time=2)
     -1.00        131        131    40449.0        2.0     100746      0.003      0.000

     -0.80        157        157    40897.0        2.0     100747      0.004      0.000

     -0.60        148        148    40614.0        2.0     100748      0.004      0.000

     -0.40        130        130    40563.0        2.0     100749      0.003      0.000

     -0.20        136        136    40233.0        2.0     100751      0.003      0.000

     -0.00        131        131    40575.0        2.0     100752      0.003      0.000

      0.20        145        145    40696.0        2.0     100753      0.004      0.000

      0.40        137        137    40681.0        2.0     100754      0.003      0.000

      0.60        139        139    40690.0        2.0     100755      0.003      0.000

      0.80        128        128    40693.0        2.0     100756      0.003      0.000

      1.00        145        145    40270.0        2.0     100757      0.004      0.000

Tue Jul 15 19:30:54 2014: move(axis=SRV34, targetPos=-70.8
Tue Jul 15 19:31:12 2014: cscan(axis=s2th, amplitude=2.4, step=0.2, time=20)
    -73.20        633        633   406673.0       20.0     100759      0.002      0.000

    -73.00        625        625   403967.0       20.0     100760      0.002      0.000

    -72.80        667        667   407538.0       20.0     100761      0.002      0.000

Tue Jul 15 19:33:45 2014: move(axis=SRV34, targetPos=-70.8
Tue Jul 15 19:34:04 2014: cscan(axis=s2th, amplitude=2.4, step=0.2, time=20)
    -73.20        657        656   405108.0       20.0     100763      0.002      0.000

    -73.00        662        662   406238.0       20.0     100764      0.002      0.000

    -72.80        683        683   405089.0       20.0     100765      0.002      0.000

    -72.60        682        682   405059.0       20.0     100766      0.002      0.000

    -72.40        703        703   406052.0       20.0     100767      0.002      0.000

    -72.20        761        761   406501.0       20.0     100768      0.002      0.000

    -72.00        870        870   404419.0       20.0     100769      0.002      0.000

    -71.80       1109       1109   406027.0       20.0     100770      0.003      0.000

    -71.60       1335       1335   405129.0       20.0     100771      0.003      0.000

    -71.40       1838       1838   408117.0       20.0     100772      0.005      0.000

    -71.20       2253       2253   405193.0       20.0     100773      0.006      0.000

    -71.00       2599       2599   404898.0       20.0     100774      0.006      0.000

    -70.80       2774       2774   404851.0       20.0     100775      0.007      0.000

    -70.60       2898       2898   405924.0       20.0     100776      0.007      0.000

    -70.40       2684       2684   406511.0       20.0     100777      0.007      0.000

    -70.20       2380       2380   405722.0       20.0     100778      0.006      0.000

    -70.00       1902       1902   405408.0       20.0     100779      0.005      0.000

    -69.80       1433       1433   403218.0       20.0     100780      0.004      0.000

    -69.60       1026       1026   405703.0       20.0     100781      0.003      0.000

    -69.40        813        813   407424.0     20.003     100782      0.002      0.000

    -69.20        745        745   404657.0       20.0     100783      0.002      0.000

    -69.00        694        694   404873.0       20.0     100784      0.002      0.000

    -68.80        655        655   405542.0       20.0     100786      0.002      0.000

    -68.60        688        688   405830.0       20.0     100787      0.002      0.000

    -68.40        681        681   406218.0       20.0     100788      0.002      0.000

Tue Jul 15 19:50:51 2014: move(axis=SRV34, targetPos=-103.8
Tue Jul 15 19:52:07 2014: cscan(axis=s2th, amplitude=2.4, step=0.2, time=20)
   -106.20        929        929   404751.0       20.0     100790      0.002      0.000

   -106.00       1050       1050   406236.0       20.0     100791      0.003      0.000

   -105.80       1179       1179   407074.0       20.0     100792      0.003      0.000

   -105.60       1305       1305   404394.0     20.005     100793      0.003      0.000

   -105.40       1507       1507   405197.0       20.0     100794      0.004      0.000

   -105.20       1606       1606   406058.0       20.0     100795      0.004      0.000

   -105.00       1710       1710   402872.0       20.0     100796      0.004      0.000

   -104.80       1855       1855   403247.0       20.0     100797      0.005      0.000

   -104.60       1942       1942   404133.0     20.004     100798      0.005      0.000

   -104.40       1955       1955   404519.0       20.0     100799      0.005      0.000

   -104.20       1919       1919   404077.0       20.0     100800      0.005      0.000

   -104.00       1715       1715   405280.0       20.0     100801      0.004      0.000

   -103.80       1540       1540   405420.0       20.0     100802      0.004      0.000

   -103.60       1471       1471   405715.0       20.0     100803      0.004      0.000

   -103.40       1230       1230   403573.0       20.0     100804      0.003      0.000

   -103.20       1108       1108   404602.0       20.0     100805      0.003      0.000

   -103.00        947        947   404029.0       20.0     100806      0.002      0.000

   -102.80        894        894   404461.0       20.0     100807      0.002      0.000

   -102.60        919        919   403196.0       20.0     100808      0.002      0.000

   -102.40        973        973   404136.0       20.0     100809      0.002      0.000

   -102.20       1004       1004   405676.0       20.0     100810      0.002      0.000

   -102.00       1133       1133   404421.0       20.0     100811      0.003      0.000

   -101.80       1325       1325   404193.0       20.0     100813      0.003      0.000

   -101.60       1533       1533   403731.0       20.0     100814      0.004      0.000

   -101.40       1661       1661   405131.0       20.0     100815      0.004      0.000

Tue Jul 15 20:08:48 2014: move(axis=SRV34, targetPos=69.4
Tue Jul 15 20:13:49 2014: cscan(axis=s2th, amplitude=2.4, step=0.2, time=20)
     67.00       1149       1149   403930.0     20.002     100817      0.003      0.000

     67.20        795        795   404441.0       20.0     100818      0.002      0.000

     67.40        698        698   404042.0       20.0     100819      0.002      0.000

     67.60        682        682   405259.0       20.0     100820      0.002      0.000

     67.80        654        654   403520.0       20.0     100821      0.002      0.000

     68.00        665        665   403017.0       20.0     100822      0.002      0.000

     68.20        640        640   406527.0       20.0     100823      0.002      0.000

     68.40        625        625   407119.0       20.0     100824      0.002      0.000

     68.60        656        656   404707.0       20.0     100826      0.002      0.000

     68.80        688        688   405084.0       20.0     100827      0.002      0.000

     69.00        618        618   403308.0       20.0     100828      0.002      0.000

     69.20        635        635   402698.0       20.0     100829      0.002      0.000

     69.40        644        644   404464.0       20.0     100830      0.002      0.000

     69.60        636        636   403414.0       20.0     100831      0.002      0.000

     69.80        647        647   403249.0       20.0     100832      0.002      0.000

     70.00        766        766   404145.0       20.0     100833      0.002      0.000

     70.20       1004       1004   403574.0       20.0     100834      0.002      0.000

     70.40       1447       1447   402164.0       20.0     100835      0.004      0.000

     70.60       2053       2053   402796.0       20.0     100836      0.005      0.000

     70.80       2667       2667   406352.0       20.0     100837      0.007      0.000

     71.00       3255       3255   406241.0       20.0     100838      0.008      0.000

     71.20       3148       3148   406212.0       20.0     100839      0.008      0.000

     71.40       2523       2523   405515.0       20.0     100840      0.006      0.000

     71.60       1706       1706   404239.0       20.0     100841      0.004      0.000

     71.80       1121       1121   401863.0       20.0     100842      0.003      0.000

Tue Jul 15 20:30:31 2014: move(axis=SRV34, targetPos=102.4
Tue Jul 15 20:31:38 2014: cscan(axis=s2th, amplitude=2.4, step=0.2, time=20)
    100.00        875        875   403233.0       20.0     100844      0.002      0.000

    100.20       1115       1115   402564.0       20.0     100845      0.003      0.000

    100.40       1448       1448   403348.0       20.0     100846      0.004      0.000

    100.60       1870       1870   404592.0     20.001     100847      0.005      0.000

    100.80       2266       2266   403820.0     20.003     100848      0.006      0.000

    101.00       2397       2397   402190.0       20.0     100849      0.006      0.000

    101.20       2450       2450   403987.0       20.0     100850      0.006      0.000

    101.40       1989       1989   403508.0       20.0     100851      0.005      0.000

    101.60       1708       1708   401829.0       20.0     100852      0.004      0.000

    101.80       1347       1347   403641.0       20.0     100853      0.003      0.000

    102.00       1061       1061   402763.0       20.0     100854      0.003      0.000

    102.20        867        866   403809.0       20.0     100855      0.002      0.000

    102.40        789        789   402561.0       20.0     100856      0.002      0.000

    102.60        702        702   403090.0       20.0     100857      0.002      0.000

    102.80        682        682   402717.0       20.0     100858      0.002      0.000

    103.00        707        707   404145.0       20.0     100859      0.002      0.000

    103.20        687        686   402235.0       20.0     100860      0.002      0.000

    103.40        777        777   403034.0       20.0     100861      0.002      0.000

    103.60        817        817   403936.0       20.0     100862      0.002      0.000

    103.80       1008       1008   402067.0       20.0     100863      0.003      0.000

    104.00       1182       1182   402705.0       20.0     100864      0.003      0.000

    104.20       1513       1513   402610.0       20.0     100865      0.004      0.000

    104.40       1711       1711   403593.0       20.0     100866      0.004      0.000

    104.60       1923       1923   402257.0       20.0     100867      0.005      0.000

    104.80       1980       1980   405367.0       20.0     100868      0.005      0.000

Tue Jul 15 20:48:19 2014: move(axis=SRV34, targetPos=-57.4
Tue Jul 15 20:53:07 2014: move(axis=STP4, targetPos=29.5
Tue Jul 15 20:53:12 2014: move(axis=SRV32, targetPos=59.63
Tue Jul 15 20:55:08 2014: cscan(axis=s2th, amplitude=2.4, step=0.2, time=20)
    -59.84        720        720   386939.0       20.0     100870      0.002      0.000

    -59.63        695        695   389626.0       20.0     100871      0.002      0.000

    -59.43        702        702   389323.0     20.006     100872      0.002      0.000

    -59.23        721        721   387643.0       20.0     100873      0.002      0.000

    -59.03        744        744   386713.0       20.0     100874      0.002      0.000

    -58.83        703        703   387736.0       20.0     100875      0.002      0.000

    -58.63        806        806   388703.0       20.0     100876      0.002      0.000

    -58.43        732        732   386103.0       20.0     100877      0.002      0.000

    -58.23       1012       1012   388249.0       20.0     100878      0.003      0.000

    -58.03       1282       1282   387084.0       20.0     100879      0.003      0.000

    -57.83       1578       1578   387401.0       20.0     100880      0.004      0.000

    -57.63       1982       1982   387460.0       20.0     100881      0.005      0.000

    -57.43       2507       2507   386354.0       20.0     100882      0.006      0.000

    -57.23       2839       2839   386981.0       20.0     100883      0.007      0.000

    -57.03       3024       3024   387559.0       20.0     100884      0.008      0.000

    -56.83       3001       3001   387538.0       20.0     100885      0.008      0.000

    -56.63       2768       2768   387995.0       20.0     100886      0.007      0.000

    -56.43       2313       2313   386597.0       20.0     100887      0.006      0.000

    -56.23       1709       1709   387560.0       20.0     100888      0.004      0.000

    -56.03       1272       1272   387869.0       20.0     100889      0.003      0.000

    -55.83        999        999   386229.0       20.0     100890      0.003      0.000

    -55.63        767        767   384873.0       20.0     100891      0.002      0.000

    -55.43        710        710   389900.0       20.0     100893      0.002      0.000

    -55.23        755        755   390038.0       20.0     100894      0.002      0.000

Tue Jul 15 21:11:22 2014: move(axis=SRV34, targetPos=-81.4
Tue Jul 15 21:12:21 2014: cscan(axis=s2th, amplitude=2.4, step=0.2, time=20)
    -83.80        959        959   387294.0       20.0     100896      0.002      0.000

    -83.60        894        894   386906.0       20.0     100897      0.002      0.000

    -83.40        803        803   384902.0       20.0     100898      0.002      0.000

    -83.20        830        830   388127.0     20.005     100899      0.002      0.000

    -83.00        907        907   389607.0       20.0     100900      0.002      0.000

    -82.80        958        958   389887.0       20.0     100901      0.002      0.000

    -82.60       1091       1091   387349.0       20.0     100902      0.003      0.000

    -82.40       1354       1354   386732.0       20.0     100903      0.004      0.000

    -82.20       1473       1473   384484.0       20.0     100904      0.004      0.000

    -82.00       1764       1764   386540.0       20.0     100905      0.005      0.000

    -81.80       1896       1896   387166.0       20.0     100906      0.005      0.000

    -81.60       2026       2026   387146.0       20.0     100908      0.005      0.000

    -81.40       1988       1988   385824.0       20.0     100909      0.005      0.000

    -81.20       2042       2042   385087.0       20.0     100910      0.005      0.000

    -81.00       1857       1857   385937.0       20.0     100911      0.005      0.000

    -80.80       1746       1746   385426.0     20.003     100912      0.005      0.000

    -80.60       1436       1436   384521.0       20.0     100913      0.004      0.000

    -80.40       1235       1235   385723.0     20.004     100914      0.003      0.000

    -80.20       1103       1103   386776.0       20.0     100915      0.003      0.000

    -80.00        937        937   387648.0       20.0     100916      0.002      0.000

    -79.80        843        843   385256.0       20.0     100917      0.002      0.000

    -79.60        872        872   385959.0       20.0     100918      0.002      0.000

    -79.40        852        852   387641.0       20.0     100919      0.002      0.000

    -79.20        835        835   389346.0       20.0     100920      0.002      0.000

    -79.00        861        861   389339.0       20.0     100921      0.002      0.000

Tue Jul 15 21:29:12 2014: move(axis=SRV34, targetPos=-100.8
Tue Jul 15 21:30:05 2014: cscan(axis=s2th, amplitude=2.4, step=0.2, time=20)
   -103.20       2661       2660   386653.0       20.0     100923      0.007      0.000

   -103.00       2725       2725   384413.0       20.0     100924      0.007      0.000

   -102.80       2910       2909   386208.0       20.0     100925      0.008      0.000

   -102.60       3057       3057   387528.0       20.0     100926      0.008      0.000

   -102.40       3155       3155   388443.0       20.0     100927      0.008      0.000

   -102.20       3266       3266   388430.0       20.0     100928      0.008      0.000

   -102.00       3270       3270   386232.0       20.0     100929      0.008      0.000

   -101.80       3391       3391   385143.0       20.0     100930      0.009      0.000

   -101.60       3536       3536   385976.0       20.0     100932      0.009      0.000

   -101.40       3565       3565   385818.0       20.0     100933      0.009      0.000

   -101.20       3669       3669   385006.0       20.0     100934      0.010      0.000

   -101.00       3740       3740   386981.0       20.0     100935      0.010      0.000

   -100.80       3756       3756   385583.0       20.0     100936      0.010      0.000

   -100.60       3919       3919   384426.0       20.0     100937      0.010      0.000

   -100.40       3897       3897   386979.0       20.0     100938      0.010      0.000

   -100.20       3710       3710   388267.0       20.0     100939      0.010      0.000

   -100.00         27         27    20189.0      1.054     100940      0.001      0.000

    -99.80          0          0    19462.0      1.017     100941      0.000      0.000

    -99.60       2529       2529   387039.0       20.0     100942      0.007      0.000

    -99.40       2197       2197   385305.0       20.0     100943      0.006      0.000

    -99.20       1681       1681   383292.0       20.0     100944      0.004      0.000

    -99.00       1495       1495   387550.0       20.0     100945      0.004      0.000

    -98.80       1195       1195   386338.0       20.0     100946      0.003      0.000

    -98.60       1071       1071   386521.0     20.005     100947      0.003      0.000

    -98.40        960        960   385102.0       20.0     100948      0.002      0.000

Tue Jul 15 21:46:08 2014: move(axis=SRV34, targetPos=-105.3
Tue Jul 15 21:46:35 2014: cscan(axis=s2th, amplitude=2.4, step=0.2, time=20)
   -107.70       8432       8432   385393.0       20.0     100950      0.022      0.000

   -107.50      10745      10744   384984.0       20.0     100951      0.028      0.000

   -107.30      13358      13358   386351.0       20.0     100952      0.035      0.000

   -107.10      15990      15990   385782.0       20.0     100953      0.041      0.000

   -106.90      19076      19076   388241.0       20.0     100954      0.049      0.000

   -106.70      21625      21625   384834.0       20.0     100955      0.056      0.000

   -106.50      24379      24379   385883.0       20.0     100956      0.063      0.000

   -106.30      25960      25960   383939.0       20.0     100957      0.068      0.000

   -106.10      27283      27283   384322.0       20.0     100959      0.071      0.000

   -105.90      27306      27306   383741.0       20.0     100960      0.071      0.000

   -105.70      26291      26291   384078.0       20.0     100961      0.068      0.000

   -105.50      24349      24349   385650.0       20.0     100962      0.063      0.000

   -105.30      21394      21394   383323.0       20.0     100963      0.056      0.000

   -105.10      18057      18056   383768.0       20.0     100964      0.047      0.000

   -104.90      14478      14478   387150.0       20.0     100965      0.037      0.000

   -104.70      10875      10875   388576.0       20.0     100966      0.028      0.000

   -104.50       7868       7868   386013.0       20.0     100967      0.020      0.000

   -104.30       5579       5579   385730.0       20.0     100968      0.014      0.000

   -104.10       4127       4127   385873.0       20.0     100969      0.011      0.000

   -103.90       3232       3232   385148.0       20.0     100970      0.008      0.000

   -103.70       2711       2711   384538.0       20.0     100971      0.007      0.000

   -103.50       2448       2448   383914.0       20.0     100972      0.006      0.000

   -103.30       2431       2431   385370.0       20.0     100973      0.006      0.000

   -103.10       2529       2529   385901.0       20.0     100974      0.007      0.000

   -102.90       2762       2762   385060.0       20.0     100975      0.007      0.000

Tue Jul 15 22:03:14 2014: move(axis=STP4, targetPos=22.83
Tue Jul 15 22:03:19 2014: move(axis=SRV32, targetPos=46.29
Tue Jul 15 22:05:49 2014: move(axis=SRV34, targetPos=-44.6
Tue Jul 15 22:07:43 2014: cscan(axis=s2th, amplitude=2.4, step=0.2, time=20)
    -47.00        610        610   321761.0       20.0     100977      0.002      0.000

    -46.80        609        609   322921.0       20.0     100978      0.002      0.000

    -46.60        554        554   318468.0       20.0     100979      0.002      0.000

    -46.40        570        570   319645.0       20.0     100981      0.002      0.000

    -46.20        593        593   318471.0       20.0     100982      0.002      0.000

    -46.00        613        613   318513.0       20.0     100983      0.002      0.000

    -45.80        644        644   319045.0     20.005     100984      0.002      0.000

    -45.60        646        646   318890.0       20.0     100985      0.002      0.000

    -45.40        804        804   320858.0       20.0     100986      0.003      0.000

    -45.20       1087       1087   320207.0       20.0     100987      0.003      0.000

    -45.00       1306       1306   318678.0       20.0     100988      0.004      0.000

    -44.80       1729       1729   319869.0       20.0     100989      0.005      0.000

    -44.60       2071       2071   316766.0       20.0     100990      0.007      0.000

    -44.40       2361       2361   320449.0       20.0     100991      0.007      0.000

    -44.20       2525       2525   320227.0       20.0     100992      0.008      0.000

    -44.00       2283       2283   320084.0       20.0     100993      0.007      0.000

    -43.80       2025       2025   319423.0       20.0     100994      0.006      0.000

    -43.60       1662       1662   319734.0       20.0     100995      0.005      0.000

    -43.40       1215       1215   318889.0       20.0     100996      0.004      0.000

    -43.20        833        833   318672.0       20.0     100997      0.003      0.000

    -43.00        755        755   319308.0       20.0     100998      0.002      0.000

    -42.80        632        632   320034.0       20.0     100999      0.002      0.000

    -42.60        594        594   320965.0       20.0     101000      0.002      0.000

    -42.40        633        633   320004.0       20.0     101001      0.002      0.000

    -42.20        646        646   319269.0       20.0     101002      0.002      0.000

Tue Jul 15 22:24:35 2014: move(axis=SRV34, targetPos=-62.1
Tue Jul 15 22:25:24 2014: cscan(axis=s2th, amplitude=2.4, step=0.2, time=20)
    -64.50        715        715   319418.0       20.0     101004      0.002      0.000

    -64.30        706        706   318957.0       20.0     101005      0.002      0.000

    -64.10        776        776   317992.0       20.0     101006      0.002      0.000

    -63.90        726        726   318989.0       20.0     101007      0.002      0.000

    -63.70        768        768   319175.0       20.0     101008      0.002      0.000

    -63.50        740        740   320734.0       20.0     101009      0.002      0.000

    -63.30        787        787   319146.0       20.0     101010      0.002      0.000

    -63.10        912        912   318286.0       20.0     101011      0.003      0.000

    -62.90       1018       1018   318836.0       20.0     101012      0.003      0.000

    -62.70       1169       1169   319632.0     20.003     101013      0.004      0.000

    -62.50       1407       1407   318687.0       20.0     101014      0.004      0.000

    -62.30       1487       1487   317945.0     20.001     101015      0.005      0.000

    -62.10       1670       1670   318194.0       20.0     101016      0.005      0.000

    -61.90       1621       1621   318741.0       20.0     101017      0.005      0.000

    -61.70       1583       1583   318285.0       20.0     101018      0.005      0.000

    -61.50       1512       1512   319069.0       20.0     101019      0.005      0.000

    -61.30       1264       1264   317752.0     20.004     101020      0.004      0.000

    -61.10       1065       1065   319151.0       20.0     101021      0.003      0.000

    -60.90        855        855   319776.0       20.0     101022      0.003      0.000


Tue Jul 15 22:39:39 2014: scan(axis=s2th, start=-10, step=0.2, end=110, time=50)

Tue Jul 15 22:41:43 2014: scan(axis=s2th, start=-9, step=0.2, end=-110, time=50)
     -9.00        656        656   798767.0       50.0     101025      0.001      0.000

     -9.20        865        865   798692.0       50.0     101027      0.001      0.000

     -9.40       1101       1101   797816.0       50.0     101028      0.001      0.000

     -9.60       1301       1301   794744.0       50.0     101029      0.002      0.000

     -9.80       1584       1584   798279.0       50.0     101030      0.002      0.000

    -10.00       1768       1768   796324.0     50.008     101031      0.002      0.000

    -10.20       2067       2067   795948.0       50.0     101032      0.003      0.000

    -10.40       2320       2320   795917.0       50.0     101033      0.003      0.000

    -10.60       2498       2498   800522.0       50.0     101034      0.003      0.000

    -10.80       2701       2701   794491.0     50.005     101035      0.003      0.000

    -11.00       2827       2827   794005.0       50.0     101036      0.004      0.000

    -11.20       2947       2947   797947.0       50.0     101037      0.004      0.000

    -11.40       3016       3016   796793.0       50.0     101038      0.004      0.000

    -11.60       3047       3047   793938.0       50.0     101039      0.004      0.000

    -11.80       3172       3172   794078.0     50.008     101040      0.004      0.000

    -12.00       3158       3158   797628.0       50.0     101041      0.004      0.000

    -12.20       3246       3246   794658.0       50.0     101043      0.004      0.000

    -12.40       3294       3294   798448.0       50.0     101044      0.004      0.000

    -12.60       3365       3365   797225.0       50.0     101045      0.004      0.000

    -12.80       3384       3384   796045.0       50.0     101046      0.004      0.000

    -13.00       3364       3364   798758.0       50.0     101047      0.004      0.000

    -13.20       3409       3409   796738.0       50.0     101048      0.004      0.000

    -13.40       3255       3255   793976.0       50.0     101049      0.004      0.000

    -13.60       3199       3199   795685.0       50.0     101050      0.004      0.000

    -13.80       3132       3132   794092.0       50.0     101056      0.004      0.000

    -14.00       3017       3017   792959.0       50.0     101059      0.004      0.000

    -14.20       3071       3070   793359.0       50.0     101064      0.004      0.000

    -14.40       3173       3173   795116.0       50.0     101068      0.004      0.000

    -14.60       3133       3133   797019.0       50.0     101069      0.004      0.000

    -14.80       3093       3093   792613.0       50.0     101073      0.004      0.000

    -15.00       3066       3066   794463.0     50.002     101076      0.004      0.000

    -15.20       2962       2962   794104.0       50.0     101080      0.004      0.000

    -15.40       2940       2940   792958.0       50.0     101081      0.004      0.000

    -15.60       2941       2941   792840.0       50.0     101082      0.004      0.000

    -15.80       2847       2847   794301.0       50.0     101083      0.004      0.000

    -16.00       2889       2889   793860.0     50.007     101086      0.004      0.000

    -16.20       2871       2871   791774.0       50.0     101089      0.004      0.000

    -16.40       2820       2820   791332.0       50.0     101091      0.004      0.000

    -16.60       2749       2749   792943.0       50.0     101092      0.003      0.000

    -16.80       2848       2848   795251.0       50.0     101093      0.004      0.000

    -17.00       2720       2720   798153.0       50.0     101094      0.003      0.000

    -17.20       2824       2824   795034.0       50.0     101100      0.004      0.000

    -17.40       2671       2671   793613.0       50.0     101102      0.003      0.000

    -17.60       2690       2690   794231.0       50.0     101103      0.003      0.000

    -17.80       2584       2584   790298.0       50.0     101110      0.003      0.000

    -18.00       2601       2601   791606.0       50.0     101112      0.003      0.000

    -18.20       2667       2667   792945.0       50.0     101113      0.003      0.000

    -18.40       2516       2516   794571.0       50.0     101114      0.003      0.000

    -18.60       2560       2560   791569.0       50.0     101116      0.003      0.000

