   -104.30          5          5      190.0       20.0     102209      0.026      0.012

   -104.20          4          4      190.0       20.0     102210      0.021      0.011

   -104.10          6          6      204.0       20.0     102212      0.029      0.012

   -104.00          4          4      212.0       20.0     102213      0.019      0.010

   -103.90          9          9      193.0       20.0     102215      0.047      0.016

   -103.80          8          8      204.0       20.0     102216      0.039      0.014

   -103.70          4          4      199.0       20.0     102218      0.020      0.010

   -103.60          8          8      171.0       20.0     102219      0.047      0.017

   -103.50          4          4      194.0       20.0     102221      0.021      0.010

   -103.40          1          1      201.0       20.0     102222      0.005      0.005

   -103.30          1          1      202.0       20.0     102224      0.005      0.005

   -103.20          1          1      199.0       20.0     102225      0.005      0.005

   -103.10          6          6      198.0       20.0     102226      0.030      0.013

   -103.00          2          2      191.0       20.0     102227      0.010      0.007

   -102.90          5          5      191.0       20.0     102228      0.026      0.012

   -102.80          3          3      193.0       20.0     102230      0.016      0.009

   -102.70          5          5      187.0       20.0     102231      0.027      0.012

   -102.60          6          6      206.0       20.0     102233      0.029      0.012

   -102.50          2          2      221.0       20.0     102234      0.009      0.006

   -102.40          3          3      191.0       20.0     102236      0.016      0.009

   -102.30          7          7      215.0       20.0     102237      0.033      0.013

   -102.20          4          4      189.0       20.0     102239      0.021      0.011

   -102.10          3          3      200.0     20.006     102240      0.015      0.009

   -102.00          3          3      203.0       20.0     102242      0.015      0.009

   -101.90         10         10      213.0       20.0     102243      0.047      0.015

   -101.80          7          7      186.0       20.0     102245      0.038      0.014

   -101.70          5          5      187.0       20.0     102246      0.027      0.012

   -101.60          4          4      180.0       20.0     102248      0.022      0.011

   -101.50          5          5      190.0       20.0     102249      0.026      0.012

   -101.40         13         13      173.0       20.0     102251      0.075      0.022

   -101.30          6          6      199.0       20.0     102252      0.030      0.012

   -101.20          2          2      185.0       20.0     102254      0.011      0.008

   -101.10          6          6      196.0       20.0     102255      0.031      0.013

   -101.00          4          4      186.0       20.0     102257      0.022      0.011

   -100.90          4          4      163.0       20.0     102258      0.025      0.012

   -100.80          3          3      192.0       20.0     102260      0.016      0.009

   -100.70          5          5      177.0       20.0     102261      0.028      0.013

   -100.60          2          2      227.0       20.0     102263      0.009      0.006

   -100.50          2          2      207.0       20.0     102264      0.010      0.007

   -100.40          5          5      201.0       20.0     102266      0.025      0.011

   -100.30          2          2      176.0       20.0     102267      0.011      0.008

   -100.20          3          3      186.0       20.0     102269      0.016      0.009

   -100.10          3          3      183.0       20.0     102270      0.016      0.010

   -100.00          5          5      194.0       20.0     102272      0.026      0.012

    -99.90          5          5      162.0       20.0     102273      0.031      0.014

    -99.80          4          4      217.0     20.002     102275      0.018      0.009

    -99.70          4          4      177.0       20.0     102276      0.023      0.011

    -99.60          3          3      170.0       20.0     102278      0.018      0.010

    -99.50          3          3      175.0     20.005     102279      0.017      0.010

    -99.40          3          3      186.0       20.0     102281      0.016      0.009

    -99.30          5          5      197.0       20.0     102282      0.025      0.011

    -99.20          7          7      189.0       20.0     102284      0.037      0.014

    -99.10          2          2      180.0       20.0     102285      0.011      0.008

    -99.00          5          5      182.0       20.0     102287      0.027      0.012

    -98.90          5          5      206.0       20.0     102288      0.024      0.011

    -98.80          2          2      160.0       20.0     102290      0.013      0.009

    -98.70          2          2      176.0       20.0     102291      0.011      0.008

    -98.60          3          3      216.0       20.0     102293      0.014      0.008

    -98.50          4          4      207.0       20.0     102294      0.019      0.010

    -98.40          3          3      176.0       20.0     102296      0.017      0.010

    -98.30          4          4      182.0       20.0     102297      0.022      0.011

    -98.20          4          4      205.0       20.0     102299      0.020      0.010

    -98.10          5          5      229.0       20.0     102300      0.022      0.010

    -98.00          1          1      179.0       20.0     102301      0.006      0.006

    -97.90         11         11      191.0       20.0     102302      0.058      0.018

    -97.80          3          3      181.0       20.0     102304      0.017      0.010

    -97.70          2          2      180.0     20.002     102305      0.011      0.008

    -97.60          2          2      187.0       20.0     102307      0.011      0.008

    -97.50          9          9      152.0       20.0     102308      0.059      0.020

    -97.40          3          3      161.0       20.0     102310      0.019      0.011

    -97.30          5          5      187.0       20.0     102311      0.027      0.012

    -97.20          1          1      168.0       20.0     102313      0.006      0.006

    -97.10          5          5      180.0       20.0     102314      0.028      0.013

    -97.00          3          3      161.0       20.0     102316      0.019      0.011

    -96.90          2          2      173.0       20.0     102317      0.012      0.008

    -96.80          4          4      185.0       20.0     102319      0.022      0.011

    -96.70          5          5      161.0       20.0     102320      0.031      0.014

    -96.60          5          5      193.0       20.0     102322      0.026      0.012

    -96.50          3          3      153.0       20.0     102323      0.020      0.011

    -96.40          3          3      155.0       20.0     102325      0.019      0.011

    -96.30          4          4      186.0       20.0     102326      0.022      0.011

    -96.20          5          5      187.0       20.0     102328      0.027      0.012

    -96.10          7          7      138.0       20.0     102329      0.051      0.020

    -96.00          2          2      191.0       20.0     102331      0.010      0.007

    -95.90          1          1      172.0       20.0     102332      0.006      0.006

    -95.80          4          4      187.0       20.0     102334      0.021      0.011

    -95.70          1          1      187.0       20.0     102335      0.005      0.005

    -95.60          3          3      176.0       20.0     102337      0.017      0.010

    -95.50          5          5      191.0       20.0     102338      0.026      0.012

    -95.40          4          4      177.0       20.0     102340      0.023      0.011

    -95.30          5          5      171.0       20.0     102341      0.029      0.013

    -95.20          3          3      146.0       20.0     102342      0.021      0.012

    -95.10          4          4      168.0       20.0     102343      0.024      0.012

    -95.00          3          3      171.0       20.0     102345      0.018      0.010

    -94.90          3          3      176.0       20.0     102346      0.017      0.010

    -94.80          6          6      178.0       20.0     102348      0.034      0.014

    -94.70          4          4      189.0       20.0     102349      0.021      0.011

    -94.60          5          5      181.0     20.003     102351      0.028      0.013

    -94.50          3          3      187.0       20.0     102352      0.016      0.009

    -94.40          4          4      175.0       20.0     102354      0.023      0.012

    -94.30          5          5      170.0       20.0     102355      0.029      0.013

    -94.20          5          5      177.0       20.0     102357      0.028      0.013

    -94.10          5          5      160.0     20.003     102358      0.031      0.014

    -94.00          6          6      165.0       20.0     102360      0.036      0.015

    -93.90          4          4      163.0       20.0     102361      0.025      0.012

    -93.80          3          3      175.0       20.0     102363      0.017      0.010

    -93.70          7          7      147.0       20.0     102364      0.048      0.018

    -93.60          5          5      186.0       20.0     102366      0.027      0.012

    -93.50          1          1      190.0       20.0     102367      0.005      0.005

    -93.40          8          8      177.0       20.0     102369      0.045      0.016

    -93.30          3          3      171.0       20.0     102370      0.018      0.010

    -93.20          5          5      185.0     20.003     102372      0.027      0.012

    -93.10          6          6      154.0       20.0     102373      0.039      0.016

    -93.00          4          4      162.0       20.0     102375      0.025      0.012

    -92.90          1          1      172.0       20.0     102376      0.006      0.006

    -92.80          3          3      166.0       20.0     102378      0.018      0.011

    -92.70          3          3      152.0       20.0     102379      0.020      0.012

    -92.60          5          5      179.0       20.0     102381      0.028      0.013

    -92.50          7          7      166.0       20.0     102382      0.042      0.016

    -92.40          0          0      208.0       20.0     102384      0.000      0.000

    -92.30          5          5      173.0       20.0     102385      0.029      0.013

    -92.20          4          4      154.0       20.0     102387      0.026      0.013

    -92.10          3          3      182.0       20.0     102388      0.016      0.010

    -92.00          3          3      170.0       20.0     102390      0.018      0.010

    -91.90          5          5      172.0       20.0     102391      0.029      0.013

    -91.80          6          6      175.0       20.0     102392      0.034      0.014

    -91.70          5          5      153.0       20.0     102393      0.033      0.015

    -91.60          5          5      156.0       20.0     102395      0.032      0.015

    -91.50          1          1      173.0     20.005     102396      0.006      0.006

    -91.40          3          3      172.0       20.0     102398      0.017      0.010

    -91.30          1          1      177.0       20.0     102399      0.006      0.006

    -91.20          4          4      153.0       20.0     102401      0.026      0.013

    -91.10          3          3      163.0       20.0     102402      0.018      0.011

    -91.00          2          2      172.0       20.0     102404      0.012      0.008

    -90.90          5          5      193.0       20.0     102405      0.026      0.012

    -90.80          6          6      167.0       20.0     102407      0.036      0.015

    -90.70          7          7      171.0       20.0     102408      0.041      0.016

    -90.60          2          2      158.0       20.0     102410      0.013      0.009

    -90.50          9          9      172.0       20.0     102411      0.052      0.018

    -90.40          3          3      178.0       20.0     102412      0.017      0.010

    -90.30          7          7      151.0       20.0     102413      0.046      0.018

    -90.20          3          3      146.0     20.002     102415      0.021      0.012

    -90.10          9          9      156.0       20.0     102416      0.058      0.020

    -90.00          3          3      189.0       20.0     102418      0.016      0.009

    -89.90          5          5      175.0       20.0     102419      0.029      0.013

    -89.80          4          4      147.0       20.0     102421      0.027      0.014

    -89.70          5          5      176.0       20.0     102422      0.028      0.013

    -89.60          5          5      156.0       20.0     102424      0.032      0.015

    -89.50          4          4      160.0     20.005     102425      0.025      0.013

    -89.40          5          5      164.0       20.0     102427      0.030      0.014

    -89.30          4          4      166.0       20.0     102428      0.024      0.012

    -89.20          4          4      183.0       20.0     102430      0.022      0.011

    -89.10          5          5      155.0       20.0     102431      0.032      0.015

    -89.00          2          2      171.0     20.006     102433      0.012      0.008

    -88.90          4          4      170.0       20.0     102434      0.024      0.012

    -88.80          7          7      180.0     20.006     102436      0.039      0.015

    -88.70          2          2      167.0       20.0     102437      0.012      0.009

    -88.60          2          2      169.0       20.0     102439      0.012      0.008

    -88.50          2          2      148.0       20.0     102440      0.014      0.010

    -88.40          1          1      181.0       20.0     102442      0.006      0.006

    -88.30          8          8      160.0       20.0     102443      0.050      0.018

    -88.20          2          2      158.0       20.0     102445      0.013      0.009

    -88.10          7          7      169.0       20.0     102446      0.041      0.016

    -88.00          6          6      161.0       20.0     102448      0.037      0.015

    -87.90          3          3      155.0       20.0     102449      0.019      0.011

    -87.80          2          2      163.0       20.0     102451      0.012      0.009

    -87.70          4          4      175.0       20.0     102452      0.023      0.012

    -87.60          5          5      175.0       20.0     102453      0.029      0.013

    -87.50          3          3      131.0       20.0     102454      0.023      0.013

    -87.40          3          3      159.0       20.0     102456      0.019      0.011

    -87.30          3          3      149.0       20.0     102457      0.020      0.012

    -87.20          6          6      165.0       20.0     102459      0.036      0.015

    -87.10          4          4      171.0       20.0     102460      0.023      0.012

    -87.00          2          2      172.0       20.0     102462      0.012      0.008

    -86.90          3          3      157.0       20.0     102463      0.019      0.011

    -86.80          3          3      176.0       20.0     102465      0.017      0.010

    -86.70          6          6      167.0       20.0     102466      0.036      0.015

    -86.60          0          0      155.0     20.006     102468      0.000      0.000

    -86.50          0          0      168.0       20.0     102469      0.000      0.000

    -86.40          4          4      129.0       20.0     102471      0.031      0.016

    -86.30          3          3      149.0       20.0     102472      0.020      0.012

    -86.20          7          7      175.0       20.0     102474      0.040      0.015

    -86.10          5          5      154.0       20.0     102475      0.032      0.015

    -86.00          6          6      152.0       20.0     102477      0.039      0.016

    -85.90          1          1      178.0       20.0     102478      0.006      0.006

    -85.80          5          5      167.0       20.0     102480      0.030      0.014

    -85.70          3          3      148.0       20.0     102481      0.020      0.012

    -85.60          4          4      139.0       20.0     102483      0.029      0.015

    -85.50          6          6      184.0       20.0     102484      0.033      0.014

    -85.40          1          1      168.0       20.0     102486      0.006      0.006

    -85.30          4          4      149.0       20.0     102487      0.027      0.014

    -85.20          2          2      166.0       20.0     102489      0.012      0.009

    -85.10          2          2      186.0       20.0     102490      0.011      0.008

    -85.00          3          3      162.0       20.0     102492      0.019      0.011

    -84.90          3          3      151.0       20.0     102493      0.020      0.012

    -84.80          6          6      158.0       20.0     102495      0.038      0.016

    -84.70          3          3      156.0       20.0     102496      0.019      0.011

    -84.60          2          2      139.0       20.0     102498      0.014      0.010

    -84.50          3          3      164.0       20.0     102499      0.018      0.011

    -84.40          3          3      147.0     20.007     102501      0.020      0.012

    -84.30          2          2      155.0       20.0     102502      0.013      0.009

    -84.20          4          4      143.0       20.0     102504      0.028      0.014

    -84.10          2          2      185.0       20.0     102505      0.011      0.008

    -84.00          2          2      164.0       20.0     102506      0.012      0.009

    -83.90          9          9      134.0       20.0     102507      0.067      0.023

    -83.80          2          2      181.0       20.0     102509      0.011      0.008

    -83.70          3          3      157.0       20.0     102510      0.019      0.011

    -83.60          2          2      155.0       20.0     102512      0.013      0.009

    -83.50          6          6      161.0       20.0     102513      0.037      0.015

    -83.40          4          4      143.0       20.0     102515      0.028      0.014

    -83.30          1          1      148.0       20.0     102516      0.007      0.007

    -83.20          1          1      166.0       20.0     102518      0.006      0.006

    -83.10          1          1      167.0       20.0     102519      0.006      0.006

    -83.00          1          1      163.0       20.0     102521      0.006      0.006

    -82.90          5          5      126.0       20.0     102522      0.040      0.018

    -82.80          3          3      144.0       20.0     102524      0.021      0.012

    -82.70          1          1      158.0       20.0     102525      0.006      0.006

    -82.60          2          2      169.0     20.006     102527      0.012      0.008

    -82.50          2          2      127.0       20.0     102528      0.016      0.011

    -82.40          3          3      193.0     20.007     102530      0.016      0.009

    -82.30          7          7      137.0       20.0     102531      0.051      0.020

    -82.20          1          1      159.0       20.0     102533      0.006      0.006

    -82.10          6          6      176.0       20.0     102534      0.034      0.014

    -82.00          7          7      151.0       20.0     102536      0.046      0.018

    -81.90          6          6      133.0       20.0     102537      0.045      0.019

    -81.80          4          4      183.0       20.0     102539      0.022      0.011

    -81.70          2          2      154.0       20.0     102540      0.013      0.009

    -81.60          6          6      153.0       20.0     102541      0.039      0.016

    -81.50          3          3      120.0       20.0     102542      0.025      0.015

    -81.40          3          3      149.0       20.0     102544      0.020      0.012

    -81.30          3          3      149.0       20.0     102545      0.020      0.012

    -81.20          2          2      170.0       20.0     102547      0.012      0.008

    -81.10          5          5      142.0       20.0     102548      0.035      0.016

    -81.00          5          5      173.0       20.0     102550      0.029      0.013

    -80.90          2          2      146.0       20.0     102551      0.014      0.010

    -80.80          5          5      137.0       20.0     102553      0.036      0.017

    -80.70          7          7      154.0       20.0     102554      0.045      0.018

    -80.60          5          5      156.0       20.0     102556      0.032      0.015

    -80.50          3          3      158.0       20.0     102557      0.019      0.011

    -80.40          0          0      161.0       20.0     102559      0.000      0.000

    -80.30          5          5      161.0       20.0     102560      0.031      0.014

    -80.20          4          4      138.0       20.0     102562      0.029      0.015

    -80.10          3          3      135.0       20.0     102563      0.022      0.013

    -80.00          4          4      133.0       20.0     102565      0.030      0.015

    -79.90          4          4      148.0       20.0     102566      0.027      0.014

    -79.80          2          2      146.0       20.0     102567      0.014      0.010

    -79.70          5          5      158.0     20.005     102568      0.032      0.014

    -79.60          3          3      155.0       20.0     102570      0.019      0.011

    -79.50          3          3      145.0       20.0     102571      0.021      0.012

    -79.40          5          5      135.0       20.0     102573      0.037      0.017

    -79.30          2          2      144.0       20.0     102574      0.014      0.010

    -79.20          6          6      162.0       20.0     102576      0.037      0.015

    -79.10          3          3      141.0       20.0     102577      0.021      0.012

    -79.00          5          5      142.0       20.0     102579      0.035      0.016

    -78.90          4          4      141.0     20.001     102580      0.028      0.014

    -78.80          6          6      133.0       20.0     102581      0.045      0.019

    -78.70          3          3      148.0       20.0     102582      0.020      0.012

    -78.60          4          4      152.0     20.006     102584      0.026      0.013

    -78.50          0          0      171.0       20.0     102585      0.000      0.000

    -78.40          0          0      137.0       20.0     102587      0.000      0.000

    -78.30          8          8      151.0       20.0     102588      0.053      0.019

    -78.20          4          4      127.0       20.0     102590      0.031      0.016

    -78.10          3          3      136.0       20.0     102592      0.022      0.013

    -78.00          4          4      143.0     20.003     102593      0.028      0.014

    -77.90          4          4      151.0     20.002     102594      0.026      0.013

    -77.80          7          7      152.0       20.0     102596      0.046      0.018

    -77.70          4          4      151.0       20.0     102597      0.026      0.013

    -77.60          4          4      160.0       20.0     102599      0.025      0.013

    -77.50          5          5      128.0       20.0     102600      0.039      0.018

    -77.40          4          4      159.0       20.0     102602      0.025      0.013

    -77.30          4          4      154.0       20.0     102603      0.026      0.013

    -77.20          6          6      139.0       20.0     102605      0.043      0.018

    -77.10          6          6      138.0       20.0     102606      0.043      0.018

    -77.00          2          2      151.0     20.007     102608      0.013      0.009

    -76.90          6          6      123.0       20.0     102609      0.049      0.020

    -76.80          4          4      162.0     20.004     102611      0.025      0.012

    -76.70          5          5      148.0       20.0     102612      0.034      0.015

    -76.60          5          5      162.0     20.003     102614      0.031      0.014

    -76.50          2          2      137.0       20.0     102615      0.015      0.010

    -76.40          7          7      140.0       20.0     102617      0.050      0.019

    -76.30          1          1      150.0       20.0     102618      0.007      0.007

    -76.20          3          3      135.0       20.0     102620      0.022      0.013

    -76.10          3          3      129.0       20.0     102621      0.023      0.014

    -76.00          3          3      152.0     20.005     102623      0.020      0.012

    -75.90          4          4      140.0       20.0     102624      0.029      0.014

    -75.80          4          4      136.0     20.004     102626      0.029      0.015

    -75.70          3          3      130.0       20.0     102627      0.023      0.013

    -75.60          6          6      159.0       20.0     102628      0.038      0.016

    -75.50          3          3      146.0       20.0     102629      0.021      0.012

    -75.40          1          1      160.0       20.0     102631      0.006      0.006

    -75.30          2          2      130.0       20.0     102632      0.015      0.011

    -75.20          4          4      113.0       20.0     102634      0.035      0.018

    -75.10          3          3      137.0       20.0     102635      0.022      0.013

    -75.00          3          3      158.0       20.0     102637      0.019      0.011

    -74.90          5          5      154.0       20.0     102638      0.032      0.015

    -74.80          8          8      144.0       20.0     102640      0.056      0.020

    -74.70          3          3      132.0     20.007     102641      0.023      0.013

    -74.60          2          2      149.0       20.0     102643      0.013      0.010

    -74.50          3          3      118.0       20.0     102644      0.025      0.015

    -74.40          3          3      155.0       20.0     102646      0.019      0.011

    -74.30          3          3      139.0       20.0     102647      0.022      0.013

    -74.20          3          3      133.0       20.0     102649      0.023      0.013

    -74.10          5          5      150.0       20.0     102650      0.033      0.015

    -74.00          5          5      156.0       20.0     102652      0.032      0.015

    -73.90          1          1      123.0       20.0     102653      0.008      0.008

    -73.80          2          2      148.0     20.004     102655      0.014      0.010

    -73.70          5          5      150.0       20.0     102656      0.033      0.015

    -73.60          1          1      156.0       20.0     102658      0.006      0.006

    -73.50          3          3      144.0       20.0     102659      0.021      0.012

    -73.40          6          6      126.0       20.0     102661      0.048      0.020

    -73.30          5          5      145.0       20.0     102662      0.034      0.016

    -73.20          6          6      124.0       20.0     102664      0.048      0.020

    -73.10          6          6      136.0       20.0     102665      0.044      0.018

    -73.00          5          5      152.0       20.0     102666      0.033      0.015

    -72.90          3          3      138.0       20.0     102667      0.022      0.013

    -72.80          5          5      140.0       20.0     102669      0.036      0.016

    -72.70          0          0      152.0       20.0     102670      0.000      0.000

    -72.60          4          4      143.0       20.0     102672      0.028      0.014

    -72.50          5          5      131.0       20.0     102673      0.038      0.017

    -72.40          1          1      144.0       20.0     102675      0.007      0.007

    -72.30          2          2      121.0     20.001     102676      0.017      0.012

    -72.20          8          8      119.0       20.0     102678      0.067      0.025

    -72.10          3          3      161.0       20.0     102679      0.019      0.011

    -72.00          5          5      130.0       20.0     102681      0.038      0.018

    -71.90          3          3      147.0       20.0     102682      0.020      0.012

    -71.80          2          2      150.0       20.0     102684      0.013      0.009

    -71.70          3          3      124.0       20.0     102685      0.024      0.014

    -71.60          3          3      140.0       20.0     102686      0.021      0.013

    -71.50          6          6      131.0       20.0     102687      0.046      0.019

    -71.40          2          2      142.0       20.0     102689      0.014      0.010

    -71.30          3          3      142.0       20.0     102690      0.021      0.012

    -71.20          5          5      145.0       20.0     102692      0.034      0.016

    -71.10          3          3      121.0       20.0     102693      0.025      0.014

    -71.00          2          2      158.0       20.0     102695      0.013      0.009

    -70.90          3          3      139.0     20.003     102696      0.022      0.013

    -70.80          4          4      126.0       20.0     102698      0.032      0.016

    -70.70          1          1      131.0       20.0     102699      0.008      0.008

    -70.60          0          0      129.0       20.0     102701      0.000      0.000

    -70.50          1          1      127.0       20.0     102702      0.008      0.008

    -70.40          1          1      148.0       20.0     102703      0.007      0.007

    -70.30          0          0      139.0     20.002     102704      0.000      0.000

    -70.20          2          2      134.0     20.007     102706      0.015      0.011

    -70.10          2          2      139.0       20.0     102707      0.014      0.010

    -70.00          4          4      122.0       20.0     102709      0.033      0.017

    -69.90          1          1      103.0       20.0     102710      0.010      0.010

    -69.80          4          4      119.0       20.0     102712      0.034      0.017

    -69.70          7          7      124.0       20.0     102713      0.056      0.022

    -69.60          3          3      136.0       20.0     102715      0.022      0.013

    -69.50          1          1      132.0       20.0     102716      0.008      0.008

    -69.40          3          3      136.0     20.004     102718      0.022      0.013

    -69.30          2          2      141.0       20.0     102719      0.014      0.010

    -69.20          3          3      135.0       20.0     102721      0.022      0.013

    -69.10          2          2      140.0       20.0     102722      0.014      0.010

    -69.00         10         10      146.0       20.0     102724      0.068      0.022

    -68.90          4          4      149.0       20.0     102725      0.027      0.014

    -68.80          5          5      134.0       20.0     102727      0.037      0.017

    -68.70          5          5      124.0       20.0     102728      0.040      0.018

    -68.60          2          2      137.0       20.0     102730      0.015      0.010

    -68.50          7          7      131.0       20.0     102731      0.053      0.021

    -68.40          4          4      129.0       20.0     102733      0.031      0.016

    -68.30          2          2      112.0       20.0     102734      0.018      0.013

    -68.20          0          0      126.0       20.0     102736      0.000      0.000

    -68.10          3          3      140.0       20.0     102737      0.021      0.013

    -68.00          6          6      140.0       20.0     102739      0.043      0.018

    -67.90          5          5      133.0       20.0     102740      0.038      0.017

    -67.80          1          1      127.0       20.0     102742      0.008      0.008

    -67.70          4          4      127.0       20.0     102743      0.031      0.016

    -67.60          2          2      134.0       20.0     102745      0.015      0.011

    -67.50          0          0      129.0       20.0     102746      0.000      0.000

    -67.40          6          6      134.0       20.0     102748      0.045      0.019

    -67.30          5          5      160.0       20.0     102749      0.031      0.014

    -67.20          0          0      113.0       20.0     102751      0.000      0.000

    -67.10          5          5      115.0       20.0     102752      0.043      0.020

    -67.00          7          7      148.0       20.0     102753      0.047      0.018

    -66.90          3          3      118.0       20.0     102754      0.025      0.015

    -66.80          4          4      125.0       20.0     102756      0.032      0.016

    -66.70          2          2      144.0     20.003     102757      0.014      0.010

    -66.60          6          6      145.0       20.0     102759      0.041      0.017

    -66.50          1          1      137.0       20.0     102760      0.007      0.007

    -66.40          3          3      107.0       20.0     102762      0.028      0.016

    -66.30          0          0      117.0       20.0     102763      0.000      0.000

    -66.20          3          3      118.0       20.0     102765      0.025      0.015

    -66.10          3          3      149.0       20.0     102766      0.020      0.012

    -66.00          7          7      134.0       20.0     102768      0.052      0.020

    -65.90          7          7      127.0       20.0     102769      0.055      0.021

    -65.80          2          2      133.0       20.0     102771      0.015      0.011

    -65.70          3          3      144.0       20.0     102772      0.021      0.012

    -65.60          4          4      107.0       20.0     102773      0.037      0.019

    -65.50          5          5      128.0       20.0     102774      0.039      0.018

    -65.40          2          2      125.0       20.0     102776      0.016      0.011

    -65.30          2          2      107.0       20.0     102777      0.019      0.013

    -65.20          4          4      133.0       20.0     102779      0.030      0.015

    -65.10          1          1      135.0       20.0     102780      0.007      0.007

    -65.00          2          2      144.0       20.0     102782      0.014      0.010

    -64.90          2          2      142.0       20.0     102783      0.014      0.010

    -64.80          3          3      133.0       20.0     102785      0.023      0.013

    -64.70          2          2      138.0       20.0     102786      0.014      0.010

    -64.60          1          1      133.0       20.0     102788      0.008      0.008

    -64.50          5          5      127.0     20.003     102789      0.039      0.018

    -64.40          3          3      127.0       20.0     102791      0.024      0.014

    -64.30          4          4      142.0       20.0     102792      0.028      0.014

    -64.20          2          2      138.0       20.0     102794      0.014      0.010

    -64.10          4          4      134.0       20.0     102795      0.030      0.015

    -64.00          1          1      129.0       20.0     102797      0.008      0.008

    -63.90          5          5      136.0       20.0     102798      0.037      0.017

    -63.80          4          4      140.0       20.0     102800      0.029      0.014

    -63.70          3          3      136.0       20.0     102801      0.022      0.013

    -63.60          6          6      125.0       20.0     102803      0.048      0.020

    -63.50          2          2      122.0       20.0     102804      0.016      0.012

    -63.40          2          2      130.0       20.0     102806      0.015      0.011

    -63.30          5          5      115.0       20.0     102807      0.043      0.020

    -63.20          3          3      118.0     20.005     102809      0.025      0.015

    -63.10          7          7      135.0       20.0     102810      0.052      0.020

    -63.00          5          5      122.0       20.0     102811      0.041      0.019

    -62.90          1          1      133.0       20.0     102812      0.008      0.008

    -62.80          4          4      147.0       20.0     102814      0.027      0.014

    -62.70          3          3      120.0     20.006     102815      0.025      0.015

    -62.60          4          4      131.0       20.0     102817      0.031      0.015

    -62.50          2          2      136.0       20.0     102818      0.015      0.010

    -62.40          7          7      114.0       20.0     102820      0.061      0.024

    -62.30          8          8      123.0       20.0     102821      0.065      0.024

    -62.20          5          5      129.0       20.0     102823      0.039      0.018

    -62.10          3          3      125.0       20.0     102824      0.024      0.014

    -62.00          4          4      135.0       20.0     102826      0.030      0.015

    -61.90          1          1      121.0       20.0     102827      0.008      0.008

    -61.80          5          5      111.0       20.0     102828      0.045      0.021

    -61.70          5          5      136.0       20.0     102829      0.037      0.017

    -61.60          1          1      115.0       20.0     102831      0.009      0.009

    -61.50          2          2      129.0       20.0     102832      0.016      0.011

    -61.40          1          1      118.0       20.0     102834      0.008      0.009

    -61.30          2          2      133.0       20.0     102835      0.015      0.011

    -61.20          1          1      138.0       20.0     102837      0.007      0.007

    -61.10          1          1      124.0       20.0     102838      0.008      0.008

    -61.00          0          0      115.0       20.0     102840      0.000      0.000

    -60.90          4          4      133.0       20.0     102841      0.030      0.015

    -60.80          5          5      128.0       20.0     102843      0.039      0.018

    -60.70          5          5      137.0       20.0     102844      0.036      0.017

    -60.60          2          2      123.0       20.0     102846      0.016      0.012

    -60.50          4          4      120.0       20.0     102847      0.033      0.017

    -60.40          1          1      108.0       20.0     102848      0.009      0.009

    -60.30          4          4      130.0       20.0     102849      0.031      0.016

    -60.20          6          6      111.0       20.0     102851      0.054      0.023

    -60.10          2          2      115.0       20.0     102852      0.017      0.012

    -60.00          1          1      127.0       20.0     102854      0.008      0.008

    -59.90          2          2      126.0       20.0     102855      0.016      0.011

    -59.80          6          6      159.0       20.0     102857      0.038      0.016

    -59.70          4          4      112.0       20.0     102858      0.036      0.018

    -59.60          4          4      136.0       20.0     102860      0.029      0.015

    -59.50          3          3      124.0       20.0     102861      0.024      0.014

    -59.40          4          4      132.0       20.0     102863      0.030      0.015

    -59.30          4          4      124.0     20.003     102864      0.032      0.016

    -59.20          3          3      148.0       20.0     102866      0.020      0.012

    -59.10          4          4      121.0       20.0     102867      0.033      0.017

    -59.00          3          3      125.0       20.0     102869      0.024      0.014

    -58.90          5          5      123.0       20.0     102870      0.041      0.019

    -58.80          4          4      104.0       20.0     102872      0.038      0.020

    -58.70          8          8      114.0       20.0     102873      0.070      0.026

    -58.60          5          5      121.0     20.007     102875      0.041      0.019

    -58.50          4          4      145.0       20.0     102876      0.028      0.014

    -58.40          2          2      128.0       20.0     102877      0.016      0.011

    -58.30          4          4      114.0       20.0     102878      0.035      0.018

    -58.20          4          4      129.0       20.0     102880      0.031      0.016

    -58.10          2          2      107.0       20.0     102881      0.019      0.013

    -58.00          3          3       95.0       20.0     102883      0.032      0.019

    -57.90          2          2      123.0       20.0     102884      0.016      0.012

    -57.80          4          4      128.0       20.0     102886      0.031      0.016

    -57.70          2          2      116.0       20.0     102887      0.017      0.012

    -57.60          4          4      141.0       20.0     102889      0.028      0.014

    -57.50          2          2      138.0       20.0     102890      0.014      0.010

    -57.40          4          4      123.0       20.0     102892      0.033      0.017

    -57.30          2          2      116.0       20.0     102893      0.017      0.012

    -57.20          2          2      125.0       20.0     102895      0.016      0.011

    -57.10          6          6      121.0       20.0     102896      0.050      0.021

    -57.00          1          1      127.0       20.0     102898      0.008      0.008

    -56.90          6          6      125.0       20.0     102899      0.048      0.020

    -56.80          1          1      144.0       20.0     102901      0.007      0.007

    -56.70          4          4      129.0       20.0     102902      0.031      0.016

    -56.60          5          5      120.0       20.0     102904      0.042      0.019

    -56.50          5          5      104.0       20.0     102905      0.048      0.022

    -56.40          5          5      114.0       20.0     102907      0.044      0.020

    -56.30          2          2      135.0       20.0     102908      0.015      0.011

    -56.20          3          3      118.0       20.0     102910      0.025      0.015

    -56.10          5          5      116.0       20.0     102911      0.043      0.020

    -56.00          2          2      128.0       20.0     102913      0.016      0.011

    -55.90          4          4      118.0       20.0     102914      0.034      0.017

    -55.80          3          3      139.0       20.0     102916      0.022      0.013


Sat Jul 12 08:56:58 2014: scan(axis=monok, start=42.6, step=0.1, end=44.6, time=5)
Sat Jul 12 08:57:57 2014: move(axis=STP4, targetPos=22.45
Sat Jul 12 09:11:12 2014: move(axis=SRV34, targetPos=90

Sat Jul 12 09:16:32 2014: scan(axis=mgL, start=-2.1, step=0.3, end=2.7, time=10)
     -2.10          0          0       24.0       10.0     102921      0.000      0.000

     -1.80          2          2       29.0       10.0     102922      0.069      0.050

     -1.50          1          1       22.0       10.0     102923      0.045      0.046

     -1.20          1          1       30.0       10.0     102924      0.033      0.034

     -0.90          0          0       31.0       10.0     102925      0.000      0.000

     -0.60          1          1       32.0       10.0     102926      0.031      0.032

     -0.30          1          1       34.0       10.0     102927      0.029      0.030

      0.00          1          1       28.0       10.0     102928      0.036      0.036

      0.30          0          0       24.0       10.0     102929      0.000      0.000

      0.60          2          2       29.0       10.0     102930      0.069      0.050

      0.90          0          0       18.0       10.0     102931      0.000      0.000

Sat Jul 12 14:47:47 2014: move(axis=STP13, targetPos=100
Sat Jul 12 14:53:38 2014: move(axis=STP4, targetPos=40
Sat Jul 12 15:56:03 2014: move(axis=STP4, targetPos=50
Sat Jul 12 15:59:20 2014: move(axis=STP4, targetPos=50
Sat Jul 12 16:09:10 2014: move(axis=STP13, targetPos=55
