Mon Aug 10 12:04:27 2020: move(axis=STP4, targetPos=13

Mon Aug 10 12:05:46 2020: scan(axis=monok, start=13, step=0.1, end=14, time=2)
     13.00       4000        800     2000.0        800      10001      0.400      0.017

     13.10       4000        800     2000.0        800      10002      0.400      0.017

     13.20       4000        800     2000.0        800      10003      0.400      0.017

     13.30       4000        800     2000.0        800      10004      0.400      0.017

     13.40       4000        800     2000.0        800      10005      0.400      0.017

     13.50       4000        800     2000.0        800      10006      0.400      0.017

     13.60       4000        800     2000.0        800      10007      0.400      0.017

     13.70       4000        800     2000.0        800      10008      0.400      0.017

     13.80       4000        800     2000.0        800      10009      0.400      0.017

     13.90       4000        800     2000.0        800      10010      0.400      0.017

     14.00       4000        800     2000.0        800      10011      0.400      0.017

